ST	9032959	1	0.01718
RO	6964374	2	0.01324
OV	6646252	3	0.01264
NÍ	6368060	4	0.01211
NA	6255947	5	0.01190
CH	6234692	6	0.01185
EN	5954416	7	0.01132
PO	5856390	8	0.01114
LE	5061665	9	0.00962
JE	4667633	10	0.00888
KO	4592713	11	0.00873
RA	4533446	12	0.00862
AL	4516528	13	0.00859
LA	4512374	14	0.00858
TE	4469031	15	0.00850
HO	4406504	16	0.00838
OU	4268540	17	0.00812
SK	4167585	18	0.00792
OD	4120060	19	0.00783
ER	4054553	20	0.00771
AN	4017325	21	0.00764
TO	3980228	22	0.00757
PR	3922031	23	0.00746
SE	3854448	24	0.00733
LO	3685905	25	0.00701
CE	3656483	26	0.00695
TA	3583089	27	0.00681
LI	3556490	28	0.00676
NO	3450903	29	0.00656
DO	3438159	30	0.00654
VA	3430537	31	0.00652
IN	3366712	32	0.00640
NE	3358658	33	0.00639
OS	3326193	34	0.00632
EM	3267400	35	0.00621
EL	3144134	36	0.00598
VE	3021764	37	0.00575
TI	3021533	38	0.00575
OL	2950219	39	0.00561
IC	2905406	40	0.00552
ED	2901991	41	0.00552
AT	2876324	42	0.00547
OR	2774721	43	0.00528
ŘE	2766652	44	0.00526
OB	2760707	45	0.00525
NĚ	2740838	46	0.00521
NI	2723845	47	0.00518
IL	2616631	48	0.00498
KA	2522294	49	0.00480
PŘ	2517725	50	0.00479
AR	2454682	51	0.00467
DE	2436235	52	0.00463
BY	2430978	53	0.00462
AK	2422425	54	0.00461
ON	2411999	55	0.00459
KÉ	2411420	56	0.00459
VO	2395687	57	0.00456
AD	2314435	58	0.00440
ES	2307451	59	0.00439
KU	2264675	60	0.00431
DN	2236624	61	0.00425
IT	2201622	62	0.00419
AV	2163649	63	0.00411
TR	2150788	64	0.00409
NÁ	2116005	65	0.00402
RE	2075819	66	0.00395
ZA	2037731	67	0.00387
ET	2019893	68	0.00384
ZE	2003899	69	0.00381
MI	1957126	70	0.00372
ME	1934042	71	0.00368
IS	1932369	72	0.00367
SO	1895854	73	0.00360
YL	1871044	74	0.00356
OK	1869008	75	0.00355
RÁ	1843074	76	0.00350
VÁ	1794828	77	0.00341
OT	1777586	78	0.00338
MA	1772231	79	0.00337
VY	1772096	80	0.00337
PA	1762187	81	0.00335
RI	1739271	82	0.00331
AS	1738776	83	0.00331
EC	1728399	84	0.00329
ÁN	1697363	85	0.00323
ŘÍ	1697118	86	0.00323
TU	1694595	87	0.00322
KT	1689625	88	0.00321
MO	1682212	89	0.00320
ÍC	1674998	90	0.00318
CK	1644459	91	0.00313
ÍM	1613551	92	0.00307
VÝ	1612977	93	0.00307
VĚ	1596595	94	0.00304
OM	1574071	95	0.00299
ÝC	1561657	96	0.00297
RU	1536756	97	0.00292
VI	1530142	98	0.00291
ÁL	1528759	99	0.00291
NÉ	1515812	100	0.00288
AM	1501619	101	0.00286
SL	1497830	102	0.00285
OC	1483027	103	0.00282
DI	1481861	104	0.00282
EJ	1473466	105	0.00280
DA	1467128	106	0.00279
CI	1460621	107	0.00278
OZ	1447332	108	0.00275
ČE	1425369	109	0.00271
KÝ	1399646	110	0.00266
ŽE	1387769	111	0.00264
AC	1382322	112	0.00263
VN	1381279	113	0.00263
NT	1369050	114	0.00260
MĚ	1368757	115	0.00260
KY	1352155	116	0.00257
BO	1341329	117	0.00255
JI	1295359	118	0.00246
OP	1278647	119	0.00243
NÝ	1268237	120	0.00241
SP	1228688	121	0.00234
ZN	1221783	122	0.00232
ÉH	1219538	123	0.00232
JA	1218561	124	0.00232
JÍ	1215023	125	0.00231
ŘI	1212190	126	0.00230
IK	1210695	127	0.00230
EK	1207052	128	0.00230
VÉ	1202567	129	0.00229
EV	1201612	130	0.00228
CÍ	1185901	131	0.00225
EZ	1175095	132	0.00223
TN	1160732	133	0.00221
MU	1141586	134	0.00217
NS	1128419	135	0.00215
KR	1127753	136	0.00214
TĚ	1109349	137	0.00211
ŠÍ	1101795	138	0.00209
NY	1100830	139	0.00209
KL	1089882	140	0.00207
LN	1086458	141	0.00207
RN	1077009	142	0.00205
IV	1074489	143	0.00204
HR	1069879	144	0.00203
LU	1069095	145	0.00203
HA	1061659	146	0.00202
TÍ	1050551	147	0.00200
SA	1046431	148	0.00199
US	1040355	149	0.00198
SV	1030334	150	0.00196
TV	1019045	151	0.00194
SI	1009618	152	0.00192
ÝM	999996	153	0.00190
OJ	988138	154	0.00188
HL	985102	155	0.00187
DĚ	982759	156	0.00187
DU	969673	157	0.00184
ZÁ	966540	158	0.00184
NU	966125	159	0.00184
LY	932009	160	0.00177
UP	930536	161	0.00177
OH	927207	162	0.00176
ĚT	924025	163	0.00176
BE	917489	164	0.00174
ČN	914500	165	0.00174
UD	913002	166	0.00174
PE	912525	167	0.00174
UJ	912167	168	0.00173
ÁT	911674	169	0.00173
DR	908513	170	0.00173
ÉM	903427	171	0.00172
VÍ	899673	172	0.00171
TŘ	892409	173	0.00170
LÁ	889225	174	0.00169
UT	884466	175	0.00168
AJ	883605	176	0.00168
DY	878508	177	0.00167
KÁ	876871	178	0.00167
NC	875855	179	0.00167
DL	874468	180	0.00166
PI	862102	181	0.00164
BA	856714	182	0.00163
TY	855179	183	0.00163
IE	845250	184	0.00161
ZD	842663	185	0.00160
ÁV	840677	186	0.00160
EB	834298	187	0.00159
BR	827381	188	0.00157
ZI	819577	189	0.00156
UR	812741	190	0.00155
OŽ	803606	191	0.00153
TÁ	794635	192	0.00151
ŽI	789413	193	0.00150
BU	783333	194	0.00149
RV	781658	195	0.00149
ĚN	779857	196	0.00148
MÍ	777957	197	0.00148
HE	773041	198	0.00147
ÍS	771631	199	0.00147
AZ	765375	200	0.00146
AP	758356	201	0.00144
ĚL	751173	202	0.00143
UL	748037	203	0.00142
ID	746809	204	0.00142
PL	744804	205	0.00142
ŠE	740957	206	0.00141
TÉ	738399	207	0.00140
ÁD	728888	208	0.00139
ÍK	727898	209	0.00138
UN	724278	210	0.00138
CO	719661	211	0.00137
EH	702710	212	0.00134
ND	700141	213	0.00133
ÁS	696874	214	0.00133
RT	675752	215	0.00128
RY	674145	216	0.00128
FI	673617	217	0.00128
ÁZ	666778	218	0.00127
KE	662198	219	0.00126
EP	644443	220	0.00123
AČ	642379	221	0.00122
ČI	636928	222	0.00121
DÁ	623427	223	0.00119
UŽ	623276	224	0.00119
HU	612086	225	0.00116
UM	610396	226	0.00116
AŽ	609869	227	0.00116
AB	606875	228	0.00115
ŠT	593438	229	0.00113
AH	585059	230	0.00111
JS	583765	231	0.00111
BĚ	583705	232	0.00111
ÁC	581956	233	0.00111
ÍH	580957	234	0.00110
UB	579699	235	0.00110
SN	579268	236	0.00110
VR	578478	237	0.00110
BL	577850	238	0.00110
EČ	571649	239	0.00109
LK	567737	240	0.00108
YS	564360	241	0.00107
IM	560131	242	0.00107
MÁ	558741	243	0.00106
ČA	554645	244	0.00105
BI	540403	245	0.00103
HÁ	536436	246	0.00102
TK	534162	247	0.00102
UH	529008	248	0.00101
RS	527367	249	0.00100
ĚJ	523093	250	0.00099
NG	521735	251	0.00099
DÍ	521155	252	0.00099
RŮ	518971	253	0.00099
NK	515623	254	0.00098
VL	511707	255	0.00097
ÁR	509336	256	0.00097
LÉ	504451	257	0.00096
RÉ	501518	258	0.00095
LÍ	499806	259	0.00095
OČ	495829	260	0.00094
IZ	494576	261	0.00094
IO	494397	262	0.00094
DV	493051	263	0.00094
VŠ	485469	264	0.00092
OŘ	483821	265	0.00092
MN	482276	266	0.00092
ĚS	482214	267	0.00092
ZO	480529	268	0.00091
KD	480226	269	0.00091
GE	471556	270	0.00090
ZÍ	471080	271	0.00090
SM	466661	272	0.00089
FO	466343	273	0.00089
IA	457746	274	0.00087
UK	455876	275	0.00087
ÁM	454919	276	0.00086
RÝ	452678	277	0.00086
RM	448797	278	0.00085
ZV	448468	279	0.00085
NN	448458	280	0.00085
BN	447567	281	0.00085
PU	442906	282	0.00084
AU	440335	283	0.00084
YT	437106	284	0.00083
ŽÍ	432773	285	0.00082
IČ	424355	286	0.00081
VZ	423733	287	0.00081
LS	417892	288	0.00079
SU	413072	289	0.00079
VS	409332	290	0.00078
GI	405907	291	0.00077
OG	403432	292	0.00077
GA	403084	293	0.00077
EŽ	400050	294	0.00076
ÍN	399146	295	0.00076
II	396764	296	0.00075
HI	395332	297	0.00075
ÍL	394949	298	0.00075
ĚK	387306	299	0.00074
RC	386846	300	0.00074
ČÁ	386578	301	0.00074
DS	385005	302	0.00073
ÍT	383110	303	0.00073
IR	383025	304	0.00073
ŽN	382304	305	0.00073
UZ	380585	306	0.00072
ÁK	380484	307	0.00072
PŮ	378182	308	0.00072
ČÍ	377921	309	0.00072
UC	377658	310	0.00072
SY	374656	311	0.00071
HY	372379	312	0.00071
FR	370835	313	0.00071
RD	369524	314	0.00070
GR	364342	315	0.00069
PĚ	363891	316	0.00069
ZP	363850	317	0.00069
SÍ	363356	318	0.00069
JN	361896	319	0.00069
LL	357786	320	0.00068
VU	352734	321	0.00067
RK	351926	322	0.00067
TÝ	345218	323	0.00066
UČ	345200	324	0.00066
JM	339385	325	0.00065
HN	335700	326	0.00064
CA	335032	327	0.00064
IŠ	333861	328	0.00063
IŽ	332347	329	0.00063
ÍD	331762	330	0.00063
ÁŘ	328523	331	0.00062
JO	324468	332	0.00062
TS	323614	333	0.00062
SC	320650	334	0.00061
TH	319851	335	0.00061
TL	317901	336	0.00060
EX	315811	337	0.00060
ŠI	314863	338	0.00060
BÍ	312856	339	0.00059
ÍV	311246	340	0.00059
ÍR	310815	341	0.00059
KV	309485	342	0.00059
EG	308705	343	0.00059
KŮ	306991	344	0.00058
GO	306106	345	0.00058
ŠK	305800	346	0.00058
EŠ	303551	347	0.00058
ĚM	301517	348	0.00057
MY	300639	349	0.00057
ŮS	299954	350	0.00057
YN	296747	351	0.00056
FE	296407	352	0.00056
AŘ	294746	353	0.00056
RG	289989	354	0.00055
UŠ	289094	355	0.00055
AG	288215	356	0.00055
ZK	285602	357	0.00054
FA	284748	358	0.00054
JŠ	284377	359	0.00054
IG	282445	360	0.00054
ŠA	279322	361	0.00053
EA	277875	362	0.00053
ÉN	275205	363	0.00052
DŮ	273388	364	0.00052
EO	270536	365	0.00051
OF	270342	366	0.00051
UV	270202	367	0.00051
PS	269361	368	0.00051
MÉ	266660	369	0.00051
IP	262480	370	0.00050
ĚŽ	259104	371	0.00049
BÝ	258890	372	0.00049
MP	258570	373	0.00049
ČK	257107	374	0.00049
IH	253127	375	0.00048
LM	251130	376	0.00048
ÁP	247929	377	0.00047
LT	247374	378	0.00047
LŠ	247272	379	0.00047
IB	245056	380	0.00047
IÁ	243925	381	0.00046
ĚH	242506	382	0.00046
ŘA	240624	383	0.00046
ÍŽ	238723	384	0.00045
ŮM	236569	385	0.00045
ŮV	234507	386	0.00045
IJ	234344	387	0.00045
ČT	234185	388	0.00045
ĚR	233263	389	0.00044
YP	229645	390	0.00044
ÝV	228566	391	0.00043
KN	227404	392	0.00043
SÁ	227336	393	0.00043
ÍZ	225957	394	0.00043
ZU	225455	395	0.00043
CT	224837	396	0.00043
ÉR	224067	397	0.00043
AI	223020	398	0.00042
DK	222491	399	0.00042
RZ	221727	400	0.00042
ĚD	220832	401	0.00042
LÝ	220259	402	0.00042
TŮ	219386	403	0.00042
EŘ	218698	404	0.00042
BS	218395	405	0.00042
PÍ	218146	406	0.00041
PN	217170	407	0.00041
SS	215877	408	0.00041
GU	212987	409	0.00040
KI	210837	410	0.00040
LB	208773	411	0.00040
EF	207616	412	0.00039
MŮ	206086	413	0.00039
AF	206000	414	0.00039
ML	205924	415	0.00039
OŠ	205687	416	0.00039
YB	203609	417	0.00039
KC	202867	418	0.00039
RL	200500	419	0.00038
ČL	200263	420	0.00038
BC	198819	421	0.00038
PÁ	198680	422	0.00038
NČ	198374	423	0.00038
DM	197133	424	0.00037
YK	196849	425	0.00037
TŠ	196463	426	0.00037
ŠL	195745	427	0.00037
EU	194037	428	0.00037
YM	193351	429	0.00037
DC	191944	430	0.00036
NŮ	188725	431	0.00036
MS	185052	432	0.00035
ZM	184950	433	0.00035
EI	184448	434	0.00035
YŠ	183759	435	0.00035
ZL	183543	436	0.00035
YD	182523	437	0.00035
YC	182474	438	0.00035
ÁŠ	181787	439	0.00035
ÁH	181648	440	0.00035
VŮ	181639	441	0.00035
ÚS	181196	442	0.00034
DP	177981	443	0.00034
BŘ	176785	444	0.00034
YV	176302	445	0.00034
ZH	175638	446	0.00033
MB	173544	447	0.00033
ÁŽ	172709	448	0.00033
ZB	169987	449	0.00032
WA	168134	450	0.00032
ÉT	165938	451	0.00032
GL	164996	452	0.00031
ŠN	163685	453	0.00031
BÁ	163215	454	0.00031
SR	163106	455	0.00031
ÝZ	162172	456	0.00031
ĚZ	161150	457	0.00031
SH	160610	458	0.00031
VK	160045	459	0.00030
DŘ	159970	460	0.00030
HÉ	159965	461	0.00030
RP	159549	462	0.00030
IF	159217	463	0.00030
ŽD	158523	464	0.00030
JV	157937	465	0.00030
HT	157626	466	0.00030
KŘ	156031	467	0.00030
ŘS	155545	468	0.00030
XI	154980	469	0.00029
DÉ	152331	470	0.00029
RB	151032	471	0.00029
ĚŘ	149649	472	0.00028
ÝT	149100	473	0.00028
ZY	148491	474	0.00028
LŮ	148293	475	0.00028
ĚC	148260	476	0.00028
ÍŘ	148188	477	0.00028
TT	147993	478	0.00028
LD	146667	479	0.00028
ŘÁ	146411	480	0.00028
ZS	144222	481	0.00027
ÝR	144018	482	0.00027
FU	143282	483	0.00027
RŽ	140919	484	0.00027
YH	140752	485	0.00027
BJ	140299	486	0.00027
ZR	139359	487	0.00026
KM	138969	488	0.00026
ŽS	138664	489	0.00026
CN	137084	490	0.00026
WI	136896	491	0.00026
NZ	136637	492	0.00026
JU	135409	493	0.00026
ÚZ	133314	494	0.00025
CŮ	132477	495	0.00025
LC	130830	496	0.00025
ŮŽ	130746	497	0.00025
ČO	130474	498	0.00025
ÁB	129551	499	0.00025
YR	129475	500	0.00025
DB	129255	501	0.00025
PT	129157	502	0.00025
ÚČ	129125	503	0.00025
ŽO	127178	504	0.00024
MR	127119	505	0.00024
YŽ	127051	506	0.00024
SB	124611	507	0.00024
IU	124467	508	0.00024
ÍJ	123198	509	0.00023
MC	123070	510	0.00023
ÍČ	122718	511	0.00023
UE	122416	512	0.00023
EŇ	122158	513	0.00023
ÝS	121862	514	0.00023
OO	120206	515	0.00023
BD	120174	516	0.00023
ÁJ	119859	517	0.00023
ZT	116674	518	0.00022
ÝŠ	116385	519	0.00022
AE	116317	520	0.00022
ÍŠ	116133	521	0.00022
PY	116090	522	0.00022
ŽÁ	115883	523	0.00022
IÍ	115823	524	0.00022
RŠ	113547	525	0.00022
NF	113464	526	0.00022
AŠ	113185	527	0.00022
ŮL	112961	528	0.00021
ÁČ	112591	529	0.00021
ÍP	112454	530	0.00021
RH	112430	531	0.00021
YŘ	112091	532	0.00021
TC	110712	533	0.00021
HŘ	110495	534	0.00021
CU	108426	535	0.00021
RR	108371	536	0.00021
UA	106576	537	0.00020
ŮZ	106371	538	0.00020
CL	104738	539	0.00020
VC	104668	540	0.00020
ÓN	104591	541	0.00020
WE	103229	542	0.00020
NŽ	101591	543	0.00019
YZ	100213	544	0.00019
TZ	99912	545	0.00019
EE	99801	546	0.00019
VB	98599	547	0.00019
OW	98209	548	0.00019
GN	96176	549	0.00018
HŮ	96124	550	0.00018
MŽ	95528	551	0.00018
UG	93182	552	0.00018
YU	92714	553	0.00018
LZ	92560	554	0.00018
AY	92560	555	0.00018
RČ	92127	556	0.00018
EY	90029	557	0.00017
MM	88507	558	0.00017
GY	86882	559	0.00017
JD	86698	560	0.00016
IÉ	86645	561	0.00016
MK	86523	562	0.00016
JÁ	85384	563	0.00016
HÝ	85201	564	0.00016
FL	84833	565	0.00016
ZŮ	84633	566	0.00016
DÝ	84460	567	0.00016
ĚV	84160	568	0.00016
ÍB	84033	569	0.00016
DD	83832	570	0.00016
OI	82486	571	0.00016
HV	82473	572	0.00016
VŘ	81651	573	0.00016
BV	81575	574	0.00016
TB	81226	575	0.00015
ĚŠ	81215	576	0.00015
ŽK	81007	577	0.00015
PH	80288	578	0.00015
ŠŠ	80197	579	0.00015
ŽA	77817	580	0.00015
TM	77245	581	0.00015
ŠP	77186	582	0.00015
UI	76980	583	0.00015
OA	75283	584	0.00014
NŠ	75008	585	0.00014
LV	74935	586	0.00014
YO	74759	587	0.00014
ŇO	74374	588	0.00014
ŠO	73853	589	0.00014
AX	73176	590	0.00014
SŮ	73091	591	0.00014
VD	72670	592	0.00014
ÚT	71942	593	0.00014
ÝK	71678	594	0.00014
ÉL	71040	595	0.00014
PC	70337	596	0.00013
EW	69155	597	0.00013
HD	69094	598	0.00013
ŠŤ	68009	599	0.00013
ZŘ	67465	600	0.00013
MÝ	67371	601	0.00013
LF	66950	602	0.00013
XT	66673	603	0.00013
CY	66513	604	0.00013
ŽB	66329	605	0.00013
MT	66043	606	0.00013
ČU	65724	607	0.00012
ÚN	65481	608	0.00012
ÉŽ	65340	609	0.00012
ÝB	64971	610	0.00012
SÉ	64814	611	0.00012
ÚD	64616	612	0.00012
GH	64607	613	0.00012
IŘ	64507	614	0.00012
PŠ	64112	615	0.00012
MŘ	62721	616	0.00012
LH	61432	617	0.00012
ŮD	61170	618	0.00012
ÉD	61135	619	0.00012
QU	61052	620	0.00012
ÉK	60871	621	0.00012
ŠV	60834	622	0.00012
HM	60808	623	0.00012
VČ	60700	624	0.00012
CR	60174	625	0.00011
ZC	60034	626	0.00011
DH	59061	627	0.00011
SD	58310	628	0.00011
ŇU	58293	629	0.00011
NB	58224	630	0.00011
ŽU	57555	631	0.00011
CM	57253	632	0.00011
ZŠ	56874	633	0.00011
WO	56459	634	0.00011
ŘO	56428	635	0.00011
ZÓ	56101	636	0.00011
OE	55981	637	0.00011
FF	55736	638	0.00011
AO	55540	639	0.00011
EÁ	55138	640	0.00010
NV	54463	641	0.00010
ŮJ	54085	642	0.00010
ÝN	53401	643	0.00010
CÉ	52995	644	0.00010
KS	52806	645	0.00010
ÉZ	52361	646	0.00010
ĚP	52168	647	0.00010
BK	52044	648	0.00010
XP	51074	649	0.00010
PP	50939	650	0.00010
ÚŘ	50448	651	0.00010
CC	49822	652	0.00009
RF	49696	653	0.00009
UÁ	49479	654	0.00009
ŘN	49369	655	0.00009
ŤA	49343	656	0.00009
JL	49251	657	0.00009
OX	48591	658	0.00009
YJ	48083	659	0.00009
DT	47889	660	0.00009
JŮ	47580	661	0.00009
BČ	47251	662	0.00009
AW	46154	663	0.00009
ŠU	45954	664	0.00009
ŮB	45685	665	0.00009
FY	44956	666	0.00009
ČS	43581	667	0.00008
ŮR	43340	668	0.00008
UO	43321	669	0.00008
YE	43304	670	0.00008
ÚP	43087	671	0.00008
DČ	43075	672	0.00008
ÉV	43009	673	0.00008
ŘB	42827	674	0.00008
YČ	42218	675	0.00008
JK	41893	676	0.00008
HŽ	41836	677	0.00008
ÝH	41499	678	0.00008
UŘ	41379	679	0.00008
FT	41373	680	0.00008
YA	41284	681	0.00008
DŽ	40905	682	0.00008
IX	40687	683	0.00008
KČ	40141	684	0.00008
JČ	39824	685	0.00008
LG	39760	686	0.00008
ŠS	39756	687	0.00008
GÁ	39610	688	0.00008
DŠ	39412	689	0.00007
SF	39270	690	0.00007
NH	38739	691	0.00007
DZ	38662	692	0.00007
ĎA	38428	693	0.00007
NR	38205	694	0.00007
XA	37881	695	0.00007
ÚR	37739	696	0.00007
XU	36818	697	0.00007
ZÝ	36797	698	0.00007
AA	36561	699	0.00007
JP	36255	700	0.00007
ÉS	35777	701	0.00007
ZJ	35290	702	0.00007
ŇS	34903	703	0.00007
PÉ	34514	704	0.00007
ŽŠ	34028	705	0.00006
AŇ	33884	706	0.00006
ŽL	33620	707	0.00006
ÉČ	33502	708	0.00006
OY	33010	709	0.00006
ÝD	32727	710	0.00006
XE	32725	711	0.00006
ČŮ	32545	712	0.00006
PK	32521	713	0.00006
UF	32079	714	0.00006
CZ	31371	715	0.00006
ÓL	30765	716	0.00006
LP	30720	717	0.00006
GS	30429	718	0.00006
ŘŮ	30132	719	0.00006
SŤ	29524	720	0.00006
HK	29519	721	0.00006
KÓ	29060	722	0.00006
ZÚ	28803	723	0.00005
FÁ	28614	724	0.00005
ČR	28046	725	0.00005
AĎ	28035	726	0.00005
ŘK	28001	727	0.00005
ČC	27864	728	0.00005
ÝP	27834	729	0.00005
SZ	27572	730	0.00005
ÓD	27340	731	0.00005
AŤ	27240	732	0.00005
JT	27225	733	0.00005
GM	26956	734	0.00005
BH	26412	735	0.00005
HC	26306	736	0.00005
ŤO	26255	737	0.00005
ÉŘ	25661	738	0.00005
TF	25567	739	0.00005
VŽ	25442	740	0.00005
ŽŇ	24844	741	0.00005
ÓZ	24695	742	0.00005
TJ	24548	743	0.00005
VH	24412	744	0.00005
NL	24328	745	0.00005
WS	24309	746	0.00005
TW	24133	747	0.00005
ŠC	23766	748	0.00005
SČ	23594	749	0.00004
GÓ	23415	750	0.00004
ŇK	23294	751	0.00004
ÚK	23281	752	0.00004
TP	23053	753	0.00004
CV	22985	754	0.00004
ŇA	22865	755	0.00004
SJ	22691	756	0.00004
ÝL	22666	757	0.00004
ÝJ	22578	758	0.00004
JC	22212	759	0.00004
OĎ	22177	760	0.00004
JZ	21971	761	0.00004
OŤ	21762	762	0.00004
LJ	21603	763	0.00004
JB	21572	764	0.00004
BŮ	21441	765	0.00004
FC	21409	766	0.00004
BB	21161	767	0.00004
XO	21153	768	0.00004
ÚV	21089	769	0.00004
ŘU	21031	770	0.00004
FÉ	21001	771	0.00004
GG	20947	772	0.00004
UX	20940	773	0.00004
MF	20929	774	0.00004
NJ	20599	775	0.00004
ŮČ	20479	776	0.00004
DW	20398	777	0.00004
LŇ	20354	778	0.00004
OŇ	20286	779	0.00004
ZZ	20133	780	0.00004
ÓR	19876	781	0.00004
DJ	19820	782	0.00004
ÚH	19741	783	0.00004
HS	19434	784	0.00004
BÉ	19342	785	0.00004
BT	19337	786	0.00004
LÓ	18835	787	0.00004
CS	18758	788	0.00004
ĚČ	18669	789	0.00004
KK	18464	790	0.00004
KŽ	18455	791	0.00004
KH	18426	792	0.00004
LČ	18376	793	0.00003
GT	18356	794	0.00003
SW	18040	795	0.00003
WH	17948	796	0.00003
RÍ	17767	797	0.00003
EÚ	17601	798	0.00003
DG	17374	799	0.00003
ŽŮ	17340	800	0.00003
ŮN	17179	801	0.00003
MD	16991	802	0.00003
JR	16439	803	0.00003
WN	16402	804	0.00003
ÚM	16353	805	0.00003
CÁ	16282	806	0.00003
KG	16184	807	0.00003
TD	16151	808	0.00003
RÓ	15928	809	0.00003
TÓ	15917	810	0.00003
TČ	15618	811	0.00003
ŽC	15416	812	0.00003
IŇ	15295	813	0.00003
ŠÁ	15031	814	0.00003
ŮK	14894	815	0.00003
NÓ	14820	816	0.00003
IÓ	14613	817	0.00003
RJ	14529	818	0.00003
LŽ	14470	819	0.00003
ÉF	14378	820	0.00003
UŇ	14333	821	0.00003
FK	14270	822	0.00003
YG	14199	823	0.00003
JÚ	14032	824	0.00003
MV	14002	825	0.00003
ÉP	13964	826	0.00003
HW	13930	827	0.00003
MJ	13641	828	0.00003
ŤU	13536	829	0.00003
CD	13269	830	0.00003
UĎ	13178	831	0.00003
NM	13109	832	0.00002
VP	12943	833	0.00002
VŇ	12680	834	0.00002
GD	12663	835	0.00002
SŇ	12510	836	0.00002
ŽĎ	12485	837	0.00002
ŘT	12235	838	0.00002
ÍŤ	12225	839	0.00002
RW	12154	840	0.00002
FS	12012	841	0.00002
SÓ	11791	842	0.00002
ÚL	11692	843	0.00002
SÝ	11441	844	0.00002
ŘH	11418	845	0.00002
MČ	11391	846	0.00002
WR	11303	847	0.00002
TG	11217	848	0.00002
ZÉ	11049	849	0.00002
BŠ	11047	850	0.00002
MŠ	10988	851	0.00002
SG	10885	852	0.00002
WY	10734	853	0.00002
YI	10652	854	0.00002
EĎ	10641	855	0.00002
ŮC	10612	856	0.00002
GŮ	10593	857	0.00002
VT	10524	858	0.00002
LR	10514	859	0.00002
ŘM	10503	860	0.00002
ŽM	10477	861	0.00002
WT	10314	862	0.00002
KW	10172	863	0.00002
XN	10147	864	0.00002
XY	10115	865	0.00002
GB	9811	866	0.00002
ŤI	9709	867	0.00002
IQ	9538	868	0.00002
JÓ	9383	869	0.00002
UŤ	9171	870	0.00002
NP	9150	871	0.00002
ŠÉ	9109	872	0.00002
JH	9099	873	0.00002
ÁG	8854	874	0.00002
PČ	8842	875	0.00002
MG	8826	876	0.00002
ÝŽ	8815	877	0.00002
ŠR	8583	878	0.00002
NW	8580	879	0.00002
MÓ	8525	880	0.00002
TŇ	8456	881	0.00002
ŮT	8437	882	0.00002
ŽT	8432	883	0.00002
AÚ	8229	884	0.00002
ÝŘ	8199	885	0.00002
DŇ	8157	886	0.00002
BM	7912	887	0.00002
ĚŤ	7888	888	0.00001
FN	7758	889	0.00001
PF	7630	890	0.00001
DF	7629	891	0.00001
UY	7531	892	0.00001
ÓT	7525	893	0.00001
ČB	7515	894	0.00001
PŇ	7514	895	0.00001
MH	7494	896	0.00001
SQ	7488	897	0.00001
PÓ	7359	898	0.00001
CP	7109	899	0.00001
GÉ	7090	900	0.00001
ÝU	7057	901	0.00001
YŇ	7051	902	0.00001
ĎÁ	7048	903	0.00001
ČP	7028	904	0.00001
KF	7014	905	0.00001
ŇŮ	7013	906	0.00001
ÉB	7013	907	0.00001
YF	7006	908	0.00001
PÝ	6927	909	0.00001
ÉC	6916	910	0.00001
ŮH	6835	911	0.00001
XC	6808	912	0.00001
ŇÁ	6782	913	0.00001
PJ	6742	914	0.00001
RŇ	6698	915	0.00001
DÓ	6655	916	0.00001
ŠM	6572	917	0.00001
WU	6567	918	0.00001
BZ	6529	919	0.00001
FG	6524	920	0.00001
KZ	6465	921	0.00001
ÍŇ	6446	922	0.00001
WL	6419	923	0.00001
VJ	6406	924	0.00001
ÚB	6353	925	0.00001
HB	6327	926	0.00001
ŽR	6279	927	0.00001
ÝČ	6207	928	0.00001
ŤÁ	6202	929	0.00001
ZŇ	6194	930	0.00001
ĎO	6188	931	0.00001
ÁŇ	6186	932	0.00001
JŽ	6181	933	0.00001
ÚJ	6171	934	0.00001
FM	6130	935	0.00001
ÁĎ	6073	936	0.00001
PM	6071	937	0.00001
AQ	5972	938	0.00001
FŮ	5927	939	0.00001
CQ	5920	940	0.00001
RŤ	5891	941	0.00001
XX	5871	942	0.00001
ZČ	5855	943	0.00001
HP	5783	944	0.00001
JJ	5747	945	0.00001
UU	5736	946	0.00001
ÉE	5712	947	0.00001
GV	5703	948	0.00001
ČM	5666	949	0.00001
WW	5620	950	0.00001
CB	5618	951	0.00001
LW	5542	952	0.00001
KB	5493	953	0.00001
YW	5491	954	0.00001
ŮŘ	5469	955	0.00001
MW	5442	956	0.00001
PD	5386	957	0.00001
GC	5346	958	0.00001
KP	5341	959	0.00001
WK	5339	960	0.00001
KJ	5278	961	0.00001
GP	5230	962	0.00001
ĚŇ	5190	963	0.00001
XM	5124	964	0.00001
OÁ	5108	965	0.00001
ĚĎ	5087	966	0.00001
ŠŮ	5060	967	0.00001
XV	5049	968	0.00001
ZF	5048	969	0.00001
OÚ	5048	970	0.00001
ŠČ	5005	971	0.00001
FÓ	4999	972	0.00001
ÚŽ	4947	973	0.00001
ÚC	4929	974	0.00001
ĚB	4917	975	0.00001
SÚ	4856	976	0.00001
FÍ	4837	977	0.00001
IW	4790	978	0.00001
ŘL	4714	979	0.00001
EQ	4702	980	0.00001
HČ	4633	981	0.00001
RX	4565	982	0.00001
HZ	4550	983	0.00001
GK	4423	984	0.00001
ÓW	4418	985	0.00001
ÓM	4339	986	0.00001
GW	4205	987	0.00001
ÓB	4173	988	0.00001
FJ	4083	989	0.00001
RÚ	4066	990	0.00001
MZ	4044	991	0.00001
HÓ	4023	992	0.00001
ÓS	4006	993	0.00001
XF	4005	994	0.00001
YŤ	3928	995	0.00001
TÚ	3908	996	0.00001
PB	3874	997	0.00001
GF	3873	998	0.00001
ČV	3844	999	0.00001
ŘČ	3803	1000	0.00001
VG	3751	1001	0.00001
BŽ	3737	1002	0.00001
YÁ	3672	1003	0.00001
EŤ	3600	1004	0.00001
PV	3572	1005	0.00001
FB	3564	1006	0.00001
YÚ	3530	1007	0.00001
ÍA	3506	1008	0.00001
PG	3446	1009	0.00001
MÚ	3410	1010	0.00001
ÉG	3390	1011	0.00001
ĎS	3345	1012	0.00001
ZW	3305	1013	0.00001
HF	3251	1014	0.00001
ÓK	3189	1015	0.00001
IŮ	3186	1016	0.00001
KŠ	3181	1017	0.00001
RQ	3141	1018	0.00001
KÚ	3125	1019	0.00001
WC	3121	1020	0.00001
ÉA	3113	1021	0.00001
UW	3095	1022	0.00001
ŠŇ	3073	1023	0.00001
IY	3060	1024	0.00001
XK	3050	1025	0.00001
NQ	3038	1026	0.00001
ÉO	3028	1027	0.00001
HJ	3006	1028	0.00001
CF	2988	1029	0.00001
DÚ	2980	1030	0.00001
BÓ	2977	1031	0.00001
VM	2970	1032	0.00001
ČŇ	2845	1033	0.00001
ÉŠ	2773	1034	0.00001
ĎU	2735	1035	0.00001
CG	2702	1036	0.00001
FÚ	2681	1037	0.00001
FD	2619	1038	0.00000
JF	2613	1039	0.00000
ZG	2593	1040	0.00000
LÚ	2553	1041	0.00000
EÍ	2548	1042	0.00000
HÍ	2542	1043	0.00000
ÓJ	2537	1044	0.00000
NX	2526	1045	0.00000
WB	2501	1046	0.00000
GJ	2499	1047	0.00000
ŤK	2479	1048	0.00000
ŠÓ	2479	1049	0.00000
IÚ	2438	1050	0.00000
BP	2422	1051	0.00000
ÓG	2420	1052	0.00000
BÚ	2396	1053	0.00000
ŤS	2395	1054	0.00000
ŽÉ	2338	1055	0.00000
XH	2332	1056	0.00000
BŇ	2327	1057	0.00000
QA	2322	1058	0.00000
ŘC	2293	1059	0.00000
NÚ	2223	1060	0.00000
VV	2214	1061	0.00000
XB	2184	1062	0.00000
XŮ	2170	1063	0.00000
JG	2170	1064	0.00000
ÍO	2131	1065	0.00000
ŽH	2126	1066	0.00000
UÉ	2122	1067	0.00000
XL	2119	1068	0.00000
ÍF	2073	1069	0.00000
BF	2066	1070	0.00000
JŇ	2057	1071	0.00000
ŠÚ	2054	1072	0.00000
WD	2053	1073	0.00000
YX	2044	1074	0.00000
OQ	2022	1075	0.00000
HH	1999	1076	0.00000
BW	1988	1077	0.00000
YŮ	1967	1078	0.00000
EÓ	1907	1079	0.00000
PÚ	1893	1080	0.00000
HÚ	1886	1081	0.00000
FP	1848	1082	0.00000
ŘV	1837	1083	0.00000
ŽV	1829	1084	0.00000
ŮP	1811	1085	0.00000
ŮŇ	1805	1086	0.00000
UQ	1777	1087	0.00000
HG	1773	1088	0.00000
IŤ	1735	1089	0.00000
ÚŠ	1732	1090	0.00000
PZ	1705	1091	0.00000
WM	1696	1092	0.00000
CJ	1672	1093	0.00000
ÓP	1607	1094	0.00000
HŇ	1604	1095	0.00000
UÍ	1589	1096	0.00000
WF	1565	1097	0.00000
ZX	1564	1098	0.00000
VF	1471	1099	0.00000
XÍ	1420	1100	0.00000
HŠ	1404	1101	0.00000
WP	1391	1102	0.00000
ČH	1390	1103	0.00000
QV	1390	1104	0.00000
WĚ	1350	1105	0.00000
XS	1348	1106	0.00000
ŮŠ	1347	1107	0.00000
VÓ	1346	1108	0.00000
ĎT	1323	1109	0.00000
FĚ	1303	1110	0.00000
ÍG	1301	1111	0.00000
GÍ	1298	1112	0.00000
CW	1294	1113	0.00000
PW	1292	1114	0.00000
EŮ	1283	1115	0.00000
ÓŽ	1275	1116	0.00000
ÁF	1232	1117	0.00000
CX	1231	1118	0.00000
TX	1230	1119	0.00000
BG	1212	1120	0.00000
QL	1183	1121	0.00000
AÍ	1165	1122	0.00000
CÓ	1160	1123	0.00000
JW	1157	1124	0.00000
FH	1153	1125	0.00000
PŤ	1148	1126	0.00000
ŤŮ	1127	1127	0.00000
ČD	1122	1128	0.00000
ŘP	1115	1129	0.00000
ČY	1111	1130	0.00000
ÁI	1103	1131	0.00000
FW	1103	1132	0.00000
LX	1096	1133	0.00000
ŽÓ	1096	1134	0.00000
GŘ	1085	1135	0.00000
GZ	1081	1136	0.00000
NĎ	1079	1137	0.00000
QI	1071	1138	0.00000
ÍĎ	1066	1139	0.00000
KÍ	1050	1140	0.00000
ŘD	1033	1141	0.00000
VÚ	1031	1142	0.00000
ĎK	1016	1143	0.00000
HŤ	990	1144	0.00000
ŇC	974	1145	0.00000
ÝF	973	1146	0.00000
OÉ	958	1147	0.00000
MX	936	1148	0.00000
AÉ	888	1149	0.00000
ŤJ	879	1150	0.00000
XD	877	1151	0.00000
PX	855	1152	0.00000
ŘŠ	852	1153	0.00000
DX	842	1154	0.00000
ČČ	836	1155	0.00000
XW	794	1156	0.00000
JÉ	792	1157	0.00000
ÍI	784	1158	0.00000
GŠ	781	1159	0.00000
JY	777	1160	0.00000
SŽ	768	1161	0.00000
FV	767	1162	0.00000
ÉX	760	1163	0.00000
CŇ	759	1164	0.00000
YÍ	755	1165	0.00000
ÓŠ	754	1166	0.00000
ÓC	753	1167	0.00000
YY	745	1168	0.00000
ŽY	742	1169	0.00000
QE	739	1170	0.00000
MŇ	726	1171	0.00000
ŇM	724	1172	0.00000
MQ	714	1173	0.00000
WG	709	1174	0.00000
GČ	707	1175	0.00000
ŤM	699	1176	0.00000
RĎ	683	1177	0.00000
UŮ	664	1178	0.00000
ŽP	640	1179	0.00000
ĚG	638	1180	0.00000
SX	630	1181	0.00000
WÁ	606	1182	0.00000
ČZ	606	1183	0.00000
ČÚ	587	1184	0.00000
ÉU	585	1185	0.00000
DQ	585	1186	0.00000
FX	581	1187	0.00000
UÚ	580	1188	0.00000
ÓI	557	1189	0.00000
ĎN	536	1190	0.00000
ŠB	528	1191	0.00000
ĎM	523	1192	0.00000
QO	522	1193	0.00000
UÓ	521	1194	0.00000
CÚ	513	1195	0.00000
ÉI	512	1196	0.00000
ÚO	503	1197	0.00000
LQ	500	1198	0.00000
ČF	499	1199	0.00000
ÁO	498	1200	0.00000
ÓH	498	1201	0.00000
ŽÚ	496	1202	0.00000
ŇD	491	1203	0.00000
FÝ	490	1204	0.00000
ÚF	482	1205	0.00000
ÉJ	473	1206	0.00000
KŇ	467	1207	0.00000
ČÓ	465	1208	0.00000
ZŽ	460	1209	0.00000
XR	455	1210	0.00000
VX	453	1211	0.00000
ČJ	453	1212	0.00000
ÓA	451	1213	0.00000
VW	450	1214	0.00000
ŠY	447	1215	0.00000
ÉŇ	440	1216	0.00000
ÓV	438	1217	0.00000
ŘŇ	430	1218	0.00000
ÁU	427	1219	0.00000
ŠD	417	1220	0.00000
OÍ	415	1221	0.00000
FZ	410	1222	0.00000
WÓ	401	1223	0.00000
FŠ	400	1224	0.00000
ŇŠ	398	1225	0.00000
ŤC	391	1226	0.00000
ZQ	391	1227	0.00000
QT	390	1228	0.00000
ŽJ	378	1229	0.00000
QM	376	1230	0.00000
NŤ	373	1231	0.00000
XÉ	368	1232	0.00000
ÚA	363	1233	0.00000
ÓČ	361	1234	0.00000
HQ	358	1235	0.00000
ŇT	356	1236	0.00000
YÓ	353	1237	0.00000
CČ	346	1238	0.00000
AÁ	345	1239	0.00000
BX	336	1240	0.00000
WV	336	1241	0.00000
GÚ	336	1242	0.00000
ÁE	332	1243	0.00000
XJ	330	1244	0.00000
ŠJ	326	1245	0.00000
QR	324	1246	0.00000
WŮ	320	1247	0.00000
SŠ	319	1248	0.00000
ÓF	315	1249	0.00000
AÓ	315	1250	0.00000
GQ	312	1251	0.00000
QS	305	1252	0.00000
WÉ	300	1253	0.00000
XÁ	299	1254	0.00000
ŠH	298	1255	0.00000
TŽ	296	1256	0.00000
FŘ	293	1257	0.00000
JĎ	291	1258	0.00000
ŘÚ	284	1259	0.00000
JŘ	284	1260	0.00000
KX	283	1261	0.00000
WZ	280	1262	0.00000
ÝG	279	1263	0.00000
ÝŇ	279	1264	0.00000
ÚG	278	1265	0.00000
JX	275	1266	0.00000
ŘR	267	1267	0.00000
ÓO	259	1268	0.00000
ČŤ	259	1269	0.00000
ÓŘ	254	1270	0.00000
XG	253	1271	0.00000
IĎ	252	1272	0.00000
ÁÍ	248	1273	0.00000
ŤN	242	1274	0.00000
ÍÍ	240	1275	0.00000
ÍE	239	1276	0.00000
GX	236	1277	0.00000
ZŤ	231	1278	0.00000
QF	229	1279	0.00000
ÓE	229	1280	0.00000
QQ	226	1281	0.00000
ÍU	223	1282	0.00000
ČÉ	222	1283	0.00000
QB	220	1284	0.00000
YÉ	217	1285	0.00000
TQ	209	1286	0.00000
ŠG	208	1287	0.00000
ÚŇ	208	1288	0.00000
ÁA	201	1289	0.00000
ŇJ	193	1290	0.00000
ÁŤ	191	1291	0.00000
ĚO	191	1292	0.00000
ÚI	178	1293	0.00000
ŇI	177	1294	0.00000
QP	176	1295	0.00000
BQ	176	1296	0.00000
CŽ	176	1297	0.00000
QW	175	1298	0.00000
LĚ	173	1299	0.00000
ĎC	173	1300	0.00000
ÉQ	173	1301	0.00000
FČ	171	1302	0.00000
ÚE	170	1303	0.00000
ČŠ	169	1304	0.00000
WJ	168	1305	0.00000
ŽČ	161	1306	0.00000
SŘ	159	1307	0.00000
ĚF	159	1308	0.00000
ŇH	157	1309	0.00000
PQ	157	1310	0.00000
OÓ	156	1311	0.00000
WÍ	151	1312	0.00000
ŇČ	150	1313	0.00000
QC	145	1314	0.00000
RĚ	145	1315	0.00000
ŠF	144	1316	0.00000
ŤT	140	1317	0.00000
WX	140	1318	0.00000
ÍŮ	135	1319	0.00000
ŮŤ	135	1320	0.00000
ŮF	134	1321	0.00000
GŽ	133	1322	0.00000
QD	130	1323	0.00000
HX	130	1324	0.00000
KŤ	130	1325	0.00000
ŽG	128	1326	0.00000
XQ	127	1327	0.00000
ŇE	125	1328	0.00000
AŮ	117	1329	0.00000
ÍÓ	117	1330	0.00000
ŘF	116	1331	0.00000
YQ	115	1332	0.00000
ÉŤ	112	1333	0.00000
ZĎ	112	1334	0.00000
XZ	106	1335	0.00000
ÓU	104	1336	0.00000
ÁW	103	1337	0.00000
ŠZ	102	1338	0.00000
HĚ	101	1339	0.00000
PŽ	101	1340	0.00000
ÁX	100	1341	0.00000
OŮ	95	1342	0.00000
WŠ	94	1343	0.00000
EÉ	94	1344	0.00000
ÓŇ	93	1345	0.00000
ŘJ	93	1346	0.00000
FQ	92	1347	0.00000
SĚ	88	1348	0.00000
GÝ	85	1349	0.00000
ŘZ	84	1350	0.00000
ĚI	83	1351	0.00000
FŤ	83	1352	0.00000
QN	82	1353	0.00000
ĎŮ	81	1354	0.00000
ĚA	81	1355	0.00000
ĎJ	81	1356	0.00000
ÓŮ	81	1357	0.00000
AÝ	80	1358	0.00000
ČG	78	1359	0.00000
ÉĎ	77	1360	0.00000
XÓ	73	1361	0.00000
JŤ	73	1362	0.00000
JQ	72	1363	0.00000
QH	67	1364	0.00000
ÁÓ	66	1365	0.00000
ÍQ	66	1366	0.00000
ŤH	64	1367	0.00000
LŤ	63	1368	0.00000
ÉÓ	63	1369	0.00000
FŇ	61	1370	0.00000
QÁ	58	1371	0.00000
JĚ	58	1372	0.00000
ĚU	58	1373	0.00000
ŽF	57	1374	0.00000
GĚ	53	1375	0.00000
ÍÁ	52	1376	0.00000
ĎE	50	1377	0.00000
QG	50	1378	0.00000
QÍ	49	1379	0.00000
ŘĚ	49	1380	0.00000
ÓY	48	1381	0.00000
WÝ	48	1382	0.00000
ÍY	48	1383	0.00000
ZĚ	46	1384	0.00000
ÍW	46	1385	0.00000
WQ	45	1386	0.00000
ŘŘ	45	1387	0.00000
CĚ	45	1388	0.00000
ÉÉ	45	1389	0.00000
ŠW	43	1390	0.00000
CÝ	43	1391	0.00000
ÁY	41	1392	0.00000
ÝO	41	1393	0.00000
ŤE	40	1394	0.00000
KĚ	40	1395	0.00000
ÁÚ	40	1396	0.00000
FŽ	40	1397	0.00000
ÓÓ	40	1398	0.00000
ÉY	40	1399	0.00000
ĎI	39	1400	0.00000
GŤ	39	1401	0.00000
RŘ	38	1402	0.00000
UÝ	38	1403	0.00000
ÚU	37	1404	0.00000
ÁÁ	37	1405	0.00000
ÓÚ	36	1406	0.00000
WÚ	34	1407	0.00000
QY	34	1408	0.00000
KQ	33	1409	0.00000
ÁQ	33	1410	0.00000
ÝI	32	1411	0.00000
VQ	32	1412	0.00000
ÉW	32	1413	0.00000
ŇŇ	31	1414	0.00000
ŇÍ	31	1415	0.00000
ČŽ	30	1416	0.00000
DŤ	29	1417	0.00000
LĎ	29	1418	0.00000
ŘÉ	28	1419	0.00000
ŤĚ	27	1420	0.00000
LŘ	27	1421	0.00000
QX	27	1422	0.00000
ÍÉ	26	1423	0.00000
IĚ	25	1424	0.00000
ÉŮ	25	1425	0.00000
XŠ	25	1426	0.00000
ŽĚ	25	1427	0.00000
ÚÓ	25	1428	0.00000
ĚÚ	24	1429	0.00000
ŘY	24	1430	0.00000
ŠĚ	24	1431	0.00000
ŽŽ	23	1432	0.00000
QJ	23	1433	0.00000
ŮO	22	1434	0.00000
ĎŽ	21	1435	0.00000
ÝE	21	1436	0.00000
ÚÚ	21	1437	0.00000
ÍÚ	20	1438	0.00000
NŘ	20	1439	0.00000
YÝ	20	1440	0.00000
WČ	19	1441	0.00000
ÓX	19	1442	0.00000
ŇG	19	1443	0.00000
CŠ	19	1444	0.00000
EÝ	18	1445	0.00000
ŘG	18	1446	0.00000
ŇF	18	1447	0.00000
UĚ	18	1448	0.00000
OÝ	18	1449	0.00000
ŘÓ	18	1450	0.00000
ÓÉ	17	1451	0.00000
ÚŤ	17	1452	0.00000
ĚE	17	1453	0.00000
ŽZ	17	1454	0.00000
ÚW	17	1455	0.00000
NŇ	17	1456	0.00000
ŤB	17	1457	0.00000
ŽŘ	16	1458	0.00000
GŇ	16	1459	0.00000
ÝA	16	1460	0.00000
ÓÁ	15	1461	0.00000
ÍX	15	1462	0.00000
MŤ	15	1463	0.00000
XÚ	15	1464	0.00000
ÉÝ	15	1465	0.00000
OĚ	14	1466	0.00000
ŤŠ	14	1467	0.00000
ČĚ	14	1468	0.00000
VĎ	14	1469	0.00000
ŘŽ	14	1470	0.00000
ŇY	14	1471	0.00000
ŇB	14	1472	0.00000
ČW	13	1473	0.00000
QK	13	1474	0.00000
ŇÓ	13	1475	0.00000
ĚW	13	1476	0.00000
ÁÝ	13	1477	0.00000
ŮW	12	1478	0.00000
WŽ	12	1479	0.00000
ÓŤ	12	1480	0.00000
ŤÍ	12	1481	0.00000
VŤ	12	1482	0.00000
ĎĎ	12	1483	0.00000
QZ	11	1484	0.00000
ÁÉ	11	1485	0.00000
ÚŮ	11	1486	0.00000
YĎ	11	1487	0.00000
ŮA	11	1488	0.00000
AĚ	10	1489	0.00000
TŤ	10	1490	0.00000
ŇN	10	1491	0.00000
ĎH	10	1492	0.00000
ÁŮ	10	1493	0.00000
ŠQ	10	1494	0.00000
QŮ	10	1495	0.00000
ÉÍ	10	1496	0.00000
ÝY	10	1497	0.00000
TĎ	9	1498	0.00000
ÓĎ	9	1499	0.00000
ÉÁ	9	1500	0.00000
CŤ	9	1501	0.00000
ÝÝ	9	1502	0.00000
ÝX	9	1503	0.00000
ŇÝ	9	1504	0.00000
ÝÉ	9	1505	0.00000
ĎÚ	9	1506	0.00000
ŇĚ	9	1507	0.00000
ĎĚ	8	1508	0.00000
ĎY	8	1509	0.00000
ÝÓ	8	1510	0.00000
ŇĎ	8	1511	0.00000
ŇÉ	8	1512	0.00000
ÚQ	8	1513	0.00000
ĎÉ	8	1514	0.00000
IÝ	8	1515	0.00000
QÚ	7	1516	0.00000
ŮŮ	7	1517	0.00000
ŮG	7	1518	0.00000
ĚÍ	7	1519	0.00000
JÝ	7	1520	0.00000
ÝÁ	7	1521	0.00000
CŘ	7	1522	0.00000
ĚY	7	1523	0.00000
ŮY	7	1524	0.00000
ĚĚ	6	1525	0.00000
ŮE	6	1526	0.00000
ÚX	6	1527	0.00000
ŠŘ	6	1528	0.00000
ŽW	6	1529	0.00000
ČÝ	6	1530	0.00000
ÓÍ	6	1531	0.00000
ŇÚ	5	1532	0.00000
ÍÝ	5	1533	0.00000
ŤR	5	1534	0.00000
ŤP	5	1535	0.00000
ŇŤ	5	1536	0.00000
ŇV	5	1537	0.00000
ŤŇ	5	1538	0.00000
ĎÍ	5	1539	0.00000
ĎŠ	5	1540	0.00000
XŘ	5	1541	0.00000
ŮI	5	1542	0.00000
ŠŽ	5	1543	0.00000
ŇŽ	5	1544	0.00000
ÝŤ	5	1545	0.00000
ÝW	5	1546	0.00000
QÓ	4	1547	0.00000
QŠ	4	1548	0.00000
ÚY	4	1549	0.00000
ÓQ	4	1550	0.00000
QÉ	4	1551	0.00000
ŤD	4	1552	0.00000
QĚ	3	1553	0.00000
DĎ	3	1554	0.00000
ŮU	3	1555	0.00000
ŽÝ	3	1556	0.00000
ÝŮ	3	1557	0.00000
YĚ	3	1558	0.00000
XČ	3	1559	0.00000
ŠĎ	3	1560	0.00000
EĚ	3	1561	0.00000
ĎR	3	1562	0.00000
ĎV	3	1563	0.00000
ĎÓ	3	1564	0.00000
ŘÝ	2	1565	0.00000
ŤÓ	2	1566	0.00000
ÝÍ	2	1567	0.00000
ŽŤ	2	1568	0.00000
ŤÚ	2	1569	0.00000
ŤČ	2	1570	0.00000
ŇP	2	1571	0.00000
ŤL	2	1572	0.00000
ŠÝ	2	1573	0.00000
ĚÝ	2	1574	0.00000
ÝÚ	2	1575	0.00000
ĎŇ	2	1576	0.00000
ĎP	2	1577	0.00000
ČŘ	2	1578	0.00000
ĚŮ	2	1579	0.00000
ĎB	2	1580	0.00000
WŘ	1	1581	0.00000
ĎZ	1	1582	0.00000
ÝĎ	1	1583	0.00000
ŤÉ	1	1584	0.00000
ŤŤ	1	1585	0.00000
ĚÉ	1	1586	0.00000
ŇL	1	1587	0.00000
GĎ	1	1588	0.00000
ŮQ	1	1589	0.00000
ÚÁ	1	1590	0.00000
ÉÚ	1	1591	0.00000
WŇ	1	1592	0.00000
ŇZ	1	1593	0.00000
BŤ	1	1594	0.00000
ŤV	1	1595	0.00000
ÚÉ	1	1596	0.00000
ŮÝ	1	1597	0.00000
ÁĚ	1	1598	0.00000
HĎ	1	1599	0.00000
ĚX	1	1600	0.00000
ČQ	1	1601	0.00000
ÍĚ	1	1602	0.00000
ĎQ	1	1603	0.00000
ÉĚ	1	1604	0.00000
ĎL	1	1605	0.00000
ŘQ	1	1606	0.00000
ŠX	1	1607	0.00000
ŮÁ	1	1608	0.00000
ĎD	1	1609	0.00000
ĚÁ	1	1610	0.00000
ŇR	1	1611	0.00000
ŮĚ	1	1612	0.00000
ĎG	1	1613	0.00000
ÚĚ	1	1614	0.00000
