TH	100272945963	1	0.03556
HE	86697336727	2	0.03075
IN	68595215308	3	0.02433
ER	57754162106	4	0.02048
AN	55974567611	5	0.01985
RE	52285662239	6	0.01854
ON	49570981965	7	0.01758
AT	41920838452	8	0.01487
EN	41004903554	9	0.01454
ND	38129777631	10	0.01352
TI	37856196209	11	0.01343
ES	37766388079	12	0.01339
OR	35994097756	13	0.01277
TE	33973261529	14	0.01205
OF	33130341561	15	0.01175
ED	32937140633	16	0.01168
IS	31817918249	17	0.01128
IT	31672532308	18	0.01123
AL	30662410438	19	0.01087
AR	30308513014	20	0.01075
ST	29704461829	21	0.01053
TO	29360205581	22	0.01041
NT	29359771944	23	0.01041
NG	26871805511	24	0.00953
SE	26282488562	25	0.00932
HA	26103411208	26	0.00926
AS	24561944198	27	0.00871
OU	24531132241	28	0.00870
IO	23542263265	29	0.00835
LE	23382173640	30	0.00829
VE	23270129573	31	0.00825
CO	22384167777	32	0.00794
ME	22360109325	33	0.00793
DE	21565300071	34	0.00765
HI	21520845924	35	0.00763
RI	20516398905	36	0.00728
RO	20491179118	37	0.00727
IC	19701195496	38	0.00699
NE	19504235770	39	0.00692
EA	19403941063	40	0.00688
RA	19332539912	41	0.00686
CE	18367773425	42	0.00651
LI	17604626629	43	0.00624
CH	16854985236	44	0.00598
LL	16257360474	45	0.00577
BE	16249257887	46	0.00576
MA	15938689768	47	0.00565
SI	15509759748	48	0.00550
OM	15402602484	49	0.00546
UR	15303657594	50	0.00543
CA	15174413181	51	0.00538
EL	14952716079	52	0.00530
TA	14941000711	53	0.00530
LA	14874551789	54	0.00528
NS	14350320288	55	0.00509
DI	13899990598	56	0.00493
FO	13753006196	57	0.00488
HO	13672603513	58	0.00485
PE	13477683504	59	0.00478
EC	13457763533	60	0.00477
PR	13378480175	61	0.00474
NO	13099447521	62	0.00465
CT	12997849406	63	0.00461
US	12808517567	64	0.00454
AC	12625666388	65	0.00448
OT	12465822481	66	0.00442
IL	12167821320	67	0.00432
TR	12006693396	68	0.00426
LY	11983948242	69	0.00425
NC	11722631112	70	0.00416
ET	11634161334	71	0.00413
UT	11423899818	72	0.00405
SS	11421755201	73	0.00405
SO	11214705934	74	0.00398
RS	11180732354	75	0.00397
UN	11121118166	76	0.00394
LO	10908830081	77	0.00387
WA	10865206430	78	0.00385
GE	10861045622	79	0.00385
IE	10845731320	80	0.00385
WH	10680697684	81	0.00379
EE	10647199443	82	0.00378
WI	10557401491	83	0.00374
EM	10536054813	84	0.00374
AD	10375130449	85	0.00368
OL	10305660447	86	0.00365
RT	10198055461	87	0.00362
PO	10189505383	88	0.00361
WE	10176141608	89	0.00361
NA	9790855551	90	0.00347
UL	9751225781	91	0.00346
NI	9564648232	92	0.00339
TS	9516029773	93	0.00337
MO	9498813191	94	0.00337
OW	9318366591	95	0.00330
PA	9123652775	96	0.00324
IM	8959759181	97	0.00318
MI	8957825538	98	0.00318
AI	8922759715	99	0.00316
SH	8888705287	100	0.00315
IR	8886799024	101	0.00315
SU	8774129154	102	0.00311
ID	8332214014	103	0.00296
OS	8176085241	104	0.00290
IV	8116349309	105	0.00288
IA	8072199471	106	0.00286
AM	8032259916	107	0.00285
FI	8024355222	108	0.00285
CI	7936922442	109	0.00281
VI	7600241898	110	0.00270
PL	7415349106	111	0.00263
IG	7189051323	112	0.00255
TU	7187510085	113	0.00255
EV	7184041787	114	0.00255
LD	7122648226	115	0.00253
RY	6985436186	116	0.00248
MP	6743935008	117	0.00239
FE	6670566518	118	0.00237
BL	6581097936	119	0.00233
AB	6479202253	120	0.00230
GH	6414827751	121	0.00228
TY	6408447994	122	0.00227
OP	6313536754	123	0.00224
WO	6252724050	124	0.00222
SA	6147356936	125	0.00218
AY	6128842727	126	0.00217
EX	6035335807	127	0.00214
KE	6027536039	128	0.00214
FR	6011200185	129	0.00213
OO	5928601045	130	0.00210
AV	5778409728	131	0.00205
AG	5772552144	132	0.00205
IF	5731148470	133	0.00203
AP	5719570727	134	0.00203
GR	5548472398	135	0.00197
OD	5511014957	136	0.00195
BO	5509918152	137	0.00195
SP	5392724233	138	0.00191
RD	5338083783	139	0.00189
DO	5307591560	140	0.00188
UC	5291161134	141	0.00188
BU	5214802738	142	0.00185
EI	5169898489	143	0.00183
OV	5021440160	144	0.00178
BY	4975814759	145	0.00176
RM	4938158020	146	0.00175
EP	4837800987	147	0.00172
TT	4812693687	148	0.00171
OC	4692062395	149	0.00166
FA	4624241031	150	0.00164
EF	4588497002	151	0.00163
CU	4585165906	152	0.00163
RN	4521640992	153	0.00160
SC	4363410770	154	0.00155
GI	4275639800	155	0.00152
DA	4259590348	156	0.00151
YO	4226720021	157	0.00150
CR	4214150542	158	0.00149
CL	4201617719	159	0.00149
DU	4186093215	160	0.00148
GA	4175274057	161	0.00148
QU	4160167957	162	0.00148
UE	4158448570	163	0.00147
FF	4125634219	164	0.00146
BA	4122472992	165	0.00146
EY	4053144855	166	0.00144
LS	3990203351	167	0.00142
VA	3946966167	168	0.00140
UM	3901923211	169	0.00138
PP	3850125519	170	0.00137
UA	3844138094	171	0.00136
UP	3835093459	172	0.00136
LU	3811884104	173	0.00135
GO	3725558729	174	0.00132
HT	3670802795	175	0.00130
RU	3618438291	176	0.00128
UG	3606562400	177	0.00128
DS	3560125353	178	0.00126
LT	3486149365	179	0.00124
PI	3470838749	180	0.00123
RC	3422694015	181	0.00121
RR	3404547067	182	0.00121
EG	3370515965	183	0.00120
AU	3356322923	184	0.00119
CK	3316660134	185	0.00118
EW	3293529190	186	0.00117
MU	3231856188	187	0.00115
BR	3145611704	188	0.00112
BI	3005679357	189	0.00107
PT	2982699529	190	0.00106
AK	2952167845	191	0.00105
PU	2947681332	192	0.00105
UI	2852182384	193	0.00101
RG	2813274913	194	0.00100
IB	2780268452	195	0.00099
TL	2775935006	196	0.00098
NY	2760941827	197	0.00098
KI	2759841743	198	0.00098
RK	2736041446	199	0.00097
YS	2730343336	200	0.00097
OB	2725791138	201	0.00097
MM	2708822249	202	0.00096
FU	2706168901	203	0.00096
PH	2661480326	204	0.00094
OG	2651165734	205	0.00094
MS	2617582287	206	0.00093
YE	2612941418	207	0.00093
UD	2577213760	208	0.00091
MB	2544901434	209	0.00090
IP	2515455253	210	0.00089
UB	2497666762	211	0.00089
OI	2474275212	212	0.00088
RL	2432373251	213	0.00086
GU	2418410978	214	0.00086
DR	2409399231	215	0.00085
HR	2379584978	216	0.00084
CC	2344219345	217	0.00083
TW	2322619238	218	0.00082
FT	2302659749	219	0.00082
WN	2227183930	220	0.00079
NU	2217508482	221	0.00079
AF	2092395523	222	0.00074
HU	2077887429	223	0.00074
NN	2051719074	224	0.00073
EO	2044268477	225	0.00073
VO	2004982879	226	0.00071
RV	1953555667	227	0.00069
NF	1894270041	228	0.00067
XP	1885334638	229	0.00067
GN	1850801359	230	0.00066
SM	1838392669	231	0.00065
FL	1830098844	232	0.00065
IZ	1814164135	233	0.00064
OK	1813376076	234	0.00064
NL	1798491132	235	0.00064
MY	1753447198	236	0.00062
GL	1709752272	237	0.00061
AW	1689436638	238	0.00060
JU	1655210582	239	0.00059
OA	1620913259	240	0.00057
EQ	1614312175	241	0.00057
SY	1602829285	242	0.00057
SL	1575646777	243	0.00056
PS	1538723474	244	0.00055
JO	1516687319	245	0.00054
LF	1507867867	246	0.00053
NV	1466426243	247	0.00052
JE	1463052212	248	0.00052
NK	1455100124	249	0.00052
KN	1450401608	250	0.00051
GS	1443474876	251	0.00051
DY	1421751251	252	0.00050
HY	1412343465	253	0.00050
ZE	1402290616	254	0.00050
KS	1339590722	255	0.00048
XT	1315669490	256	0.00047
BS	1292319275	257	0.00046
IK	1209994695	258	0.00043
DD	1205446875	259	0.00043
CY	1176324279	260	0.00042
RP	1173542093	261	0.00042
SK	1112771273	262	0.00039
XI	1111463633	263	0.00039
OE	1089254517	264	0.00039
OY	1020190223	265	0.00036
WS	989253674	266	0.00035
LV	984229060	267	0.00035
DL	911886482	268	0.00032
RF	909634941	269	0.00032
EU	878402090	270	0.00031
DG	874188188	271	0.00031
WR	867361010	272	0.00031
XA	834649781	273	0.00030
YI	812619095	274	0.00029
NM	782441941	275	0.00028
EB	763383542	276	0.00027
RB	753194669	277	0.00027
TM	746621025	278	0.00026
XC	746076293	279	0.00026
EH	742240059	280	0.00026
TC	736955048	281	0.00026
GY	731420025	282	0.00026
JA	729206855	283	0.00026
HN	726288117	284	0.00026
YP	702499946	285	0.00025
ZA	702199296	286	0.00025
GG	697999944	287	0.00025
YM	667551857	288	0.00024
SW	663415953	289	0.00024
BJ	654853039	290	0.00023
LM	649112313	291	0.00023
CS	643530723	292	0.00023
II	642384029	293	0.00023
IX	621227893	294	0.00022
XE	614533122	295	0.00022
OH	602121281	296	0.00021
LK	555883002	297	0.00020
DV	537221821	298	0.00019
LP	536595562	299	0.00019
AX	531206960	300	0.00019
OX	523764012	301	0.00019
UF	522547858	302	0.00019
DM	512522701	303	0.00018
IU	490874936	304	0.00017
SF	483979931	305	0.00017
BT	482272940	306	0.00017
KA	478095427	307	0.00017
YT	470429861	308	0.00017
EK	464449289	309	0.00016
PM	449910017	310	0.00016
YA	444542870	311	0.00016
GT	434302509	312	0.00015
WL	429185823	313	0.00015
RH	426095630	314	0.00015
YL	416082307	315	0.00015
HS	414044112	316	0.00015
AH	384694919	317	0.00014
YC	380670476	318	0.00014
YN	372595315	319	0.00013
RW	359714599	320	0.00013
HM	359316447	321	0.00013
LW	356374125	322	0.00013
HL	355049620	323	0.00013
AE	349540062	324	0.00012
ZI	341671190	325	0.00012
AZ	334669428	326	0.00012
LC	333338045	327	0.00012
PY	331698156	328	0.00012
AJ	331384552	329	0.00012
IQ	318727904	330	0.00011
NJ	312598990	331	0.00011
BB	308276690	332	0.00011
NH	306883963	333	0.00011
UO	300484143	334	0.00011
KL	298033281	335	0.00011
LR	283411884	336	0.00010
TN	282266629	337	0.00010
GM	277966576	338	0.00010
SN	258702825	339	0.00009
NR	258048421	340	0.00009
FY	256535008	341	0.00009
MN	247850339	342	0.00009
DW	230152384	343	0.00008
SB	223212317	344	0.00008
YR	219696469	345	0.00008
DN	213431654	346	0.00008
SQ	209894196	347	0.00007
ZO	202480511	348	0.00007
OJ	196696657	349	0.00007
YD	192245315	350	0.00007
LB	188643782	351	0.00007
WT	184446342	352	0.00007
LG	171657388	353	0.00006
KO	171324962	354	0.00006
NP	170186564	355	0.00006
SR	168896339	356	0.00006
NQ	167770304	357	0.00006
KY	167761726	358	0.00006
LN	165509578	359	0.00006
NW	163456000	360	0.00006
TF	159626603	361	0.00006
FS	155349948	362	0.00006
CQ	154363546	363	0.00005
DH	153344431	364	0.00005
SD	148275222	365	0.00005
VY	138085211	366	0.00005
DJ	134832736	367	0.00005
HW	134615178	368	0.00005
XU	134528161	369	0.00005
AO	130442323	370	0.00005
ML	129888836	371	0.00005
UK	129819900	372	0.00005
UY	128782521	373	0.00005
EJ	128194584	374	0.00005
EZ	127540198	375	0.00005
HB	123778334	376	0.00004
NZ	123192934	377	0.00004
NB	122258836	378	0.00004
MC	121591374	379	0.00004
YB	121220723	380	0.00004
TP	121089391	381	0.00004
XH	117618666	382	0.00004
UX	110947766	383	0.00004
TZ	108527540	384	0.00004
BV	108385069	385	0.00004
MF	107664447	386	0.00004
WD	99767462	387	0.00004
OZ	97904996	388	0.00003
YW	95070267	389	0.00003
KH	89811517	390	0.00003
GD	89087728	391	0.00003
BM	88228719	392	0.00003
MR	87580303	393	0.00003
KU	85313841	394	0.00003
UV	82252351	395	0.00003
DT	81648332	396	0.00003
HD	80544316	397	0.00003
AA	79794787	398	0.00003
XX	79068246	399	0.00003
DF	78347492	400	0.00003
DB	78190243	401	0.00003
JI	77899882	402	0.00003
KR	76743394	403	0.00003
XO	76097183	404	0.00003
CM	75144874	405	0.00003
ZZ	75012595	406	0.00003
NX	73899576	407	0.00003
YG	73102462	408	0.00003
XY	72645837	409	0.00003
KG	72267691	410	0.00003
TB	71746167	411	0.00003
DC	71030077	412	0.00003
BD	69761165	413	0.00002
SG	69588685	414	0.00002
WY	68368953	415	0.00002
ZY	66473188	416	0.00002
AQ	63283982	417	0.00002
HF	63249924	418	0.00002
CD	62905910	419	0.00002
VU	62384927	420	0.00002
KW	61416538	421	0.00002
ZU	60692846	422	0.00002
BN	59062122	423	0.00002
IH	58966344	424	0.00002
TG	55522877	425	0.00002
XV	55076715	426	0.00002
UZ	53873803	427	0.00002
BC	53278096	428	0.00002
XF	52374239	429	0.00002
YZ	51097953	430	0.00002
KM	50449220	431	0.00002
DP	48855638	432	0.00002
LH	45643026	433	0.00002
WF	45330551	434	0.00002
KF	44759608	435	0.00002
PF	41022263	436	0.00001
CF	39704311	437	0.00001
MT	38538709	438	0.00001
YU	37436235	439	0.00001
CP	37067423	440	0.00001
PB	36901495	441	0.00001
TD	36539510	442	0.00001
ZL	35456851	443	0.00001
SV	35005005	444	0.00001
HC	34631551	445	0.00001
MG	34537023	446	0.00001
PW	34037460	447	0.00001
GF	33962536	448	0.00001
PD	33798376	449	0.00001
PN	33536129	450	0.00001
PC	33156666	451	0.00001
RX	32990613	452	0.00001
TV	32805751	453	0.00001
IJ	31324465	454	0.00001
WM	30732232	455	0.00001
UH	30097154	456	0.00001
WK	30095733	457	0.00001
WB	29929113	458	0.00001
BH	29797934	459	0.00001
OQ	29227658	460	0.00001
KT	29132180	461	0.00001
RQ	28152573	462	0.00001
KB	25406204	463	0.00001
CG	24975673	464	0.00001
VR	24701238	465	0.00001
CN	24249641	466	0.00001
PK	23099462	467	0.00001
UU	22006895	468	0.00001
YF	21246637	469	0.00001
WP	20982546	470	0.00001
CZ	20601701	471	0.00001
KP	20492678	472	0.00001
DQ	19927900	473	0.00001
WU	19601657	474	0.00001
FM	19340776	475	0.00001
WC	19008254	476	0.00001
MD	18929019	477	0.00001
KD	18894758	478	0.00001
ZH	18782710	479	0.00001
GW	18260884	480	0.00001
RZ	17993128	481	0.00001
CB	17751935	482	0.00001
IW	17611969	483	0.00001
XL	16728256	484	0.00001
HP	16696129	485	0.00001
MW	16465357	486	0.00001
VS	16263248	487	0.00001
FC	16254390	488	0.00001
RJ	15598009	489	0.00001
BP	15427250	490	0.00001
MH	15033898	491	0.00001
HH	14730425	492	0.00001
YH	14682887	493	0.00001
UJ	14548024	494	0.00001
FG	14424524	495	0.00001
FD	13966832	496	0.00000
GB	13944852	497	0.00000
PG	13354952	498	0.00000
TK	13081991	499	0.00000
KK	12782664	500	0.00000
HQ	11925353	501	0.00000
FN	11823066	502	0.00000
LZ	11767790	503	0.00000
VL	11621019	504	0.00000
GP	11612944	505	0.00000
HZ	10729982	506	0.00000
DK	9494027	507	0.00000
YK	9292584	508	0.00000
QI	8954617	509	0.00000
LX	8612462	510	0.00000
VD	8430332	511	0.00000
ZS	8395904	512	0.00000
BW	8319869	513	0.00000
XQ	8225536	514	0.00000
MV	8172535	515	0.00000
UW	7824504	516	0.00000
HG	7789748	517	0.00000
FB	7730842	518	0.00000
SJ	7621847	519	0.00000
WW	7377619	520	0.00000
GK	7338894	521	0.00000
UQ	7235727	522	0.00000
BG	7203255	523	0.00000
SZ	7041052	524	0.00000
JR	6846578	525	0.00000
QL	6708919	526	0.00000
ZT	6627349	527	0.00000
HK	6595610	528	0.00000
VC	6570845	529	0.00000
XM	6569222	530	0.00000
GC	6455066	531	0.00000
FW	6451511	532	0.00000
PZ	6382200	533	0.00000
KC	6326022	534	0.00000
HV	6292998	535	0.00000
XW	6292525	536	0.00000
ZW	6279286	537	0.00000
FP	6262895	538	0.00000
IY	6247588	539	0.00000
PV	6222096	540	0.00000
VT	6181932	541	0.00000
JP	6129447	542	0.00000
CV	5869407	543	0.00000
ZB	5858211	544	0.00000
VP	5510046	545	0.00000
ZR	5320518	546	0.00000
FH	5166165	547	0.00000
YV	5115763	548	0.00000
ZG	4726653	549	0.00000
ZM	4713608	550	0.00000
ZV	4618705	551	0.00000
QS	4448602	552	0.00000
KV	4414960	553	0.00000
VN	4317772	554	0.00000
ZN	4300522	555	0.00000
QA	4298294	556	0.00000
YX	4211192	557	0.00000
JN	4150888	558	0.00000
BF	4108696	559	0.00000
MK	3956883	560	0.00000
CW	3909223	561	0.00000
JM	3659540	562	0.00000
LQ	3582930	563	0.00000
JH	3541869	564	0.00000
KJ	3471162	565	0.00000
JC	3447571	566	0.00000
GZ	3431194	567	0.00000
JS	3329038	568	0.00000
TX	3328898	569	0.00000
FK	3293208	570	0.00000
JL	3192327	571	0.00000
VM	3178223	572	0.00000
LJ	3169833	573	0.00000
TJ	3169658	574	0.00000
JJ	2979950	575	0.00000
CJ	2962048	576	0.00000
VG	2960268	577	0.00000
MJ	2923325	578	0.00000
JT	2917850	579	0.00000
PJ	2810773	580	0.00000
WG	2751783	581	0.00000
VH	2691078	582	0.00000
BK	2639491	583	0.00000
VV	2622571	584	0.00000
JD	2615147	585	0.00000
TQ	2517400	586	0.00000
VB	2496014	587	0.00000
JF	2421784	588	0.00000
DZ	2200704	589	0.00000
XB	2164724	590	0.00000
JB	2126115	591	0.00000
ZC	2100797	592	0.00000
FJ	2065436	593	0.00000
YY	1993017	594	0.00000
QN	1859810	595	0.00000
XS	1804740	596	0.00000
QR	1744325	597	0.00000
JK	1740133	598	0.00000
JV	1719726	599	0.00000
QQ	1712219	600	0.00000
XN	1613611	601	0.00000
VF	1550317	602	0.00000
PX	1473468	603	0.00000
ZD	1415016	604	0.00000
QT	1385505	605	0.00000
ZP	1361846	606	0.00000
QO	1324363	607	0.00000
DX	1296277	608	0.00000
HJ	1282370	609	0.00000
GV	1192366	610	0.00000
JW	1165914	611	0.00000
QC	1127399	612	0.00000
JY	1120221	613	0.00000
GJ	1093028	614	0.00000
QB	1083443	615	0.00000
PQ	1075049	616	0.00000
JG	1034900	617	0.00000
BZ	1007374	618	0.00000
MX	994334	619	0.00000
QM	989868	620	0.00000
MZ	970282	621	0.00000
QF	947879	622	0.00000
WJ	914179	623	0.00000
ZQ	913036	624	0.00000
XR	907409	625	0.00000
ZK	906537	626	0.00000
CX	876736	627	0.00000
FX	812116	628	0.00000
FV	807297	629	0.00000
BX	778622	630	0.00000
VW	742188	631	0.00000
VJ	724370	632	0.00000
MQ	708424	633	0.00000
QV	635514	634	0.00000
ZF	608389	635	0.00000
QE	572443	636	0.00000
YJ	561334	637	0.00000
GX	557030	638	0.00000
KX	555422	639	0.00000
XG	542548	640	0.00000
QD	519921	641	0.00000
XJ	511074	642	0.00000
SX	503772	643	0.00000
VZ	501189	644	0.00000
VX	449854	645	0.00000
WV	389123	646	0.00000
YQ	384882	647	0.00000
BQ	346506	648	0.00000
GQ	345624	649	0.00000
VK	337545	650	0.00000
ZJ	309029	651	0.00000
XK	281255	652	0.00000
QP	272180	653	0.00000
HX	263997	654	0.00000
FZ	263860	655	0.00000
QH	263509	656	0.00000
QJ	236928	657	0.00000
JZ	220675	658	0.00000
VQ	212856	659	0.00000
KQ	187242	660	0.00000
XD	168263	661	0.00000
QW	163292	662	0.00000
JX	161750	663	0.00000
QX	159505	664	0.00000
KZ	150760	665	0.00000
WX	150637	666	0.00000
FQ	149430	667	0.00000
XZ	136521	668	0.00000
ZX	108224	669	0.00000
JQ	0	670	0.00000
QG	0	671	0.00000
QK	0	672	0.00000
QY	0	673	0.00000
QZ	0	674	0.00000
WQ	0	675	0.00000
WZ	0	676	0.00000
