//	22153	1	0.15736
);	21928	2	0.15576
--	16654	3	0.11830
()	12322	4	0.08752
("	5823	5	0.04136
")	5601	6	0.03978
))	4777	7	0.03393
</	3086	8	0.02192
)]	2731	9	0.01940
==	2636	10	0.01872
=>	2336	11	0.01659
).	2227	12	0.01582
",	2221	13	0.01578
),	2095	14	0.01488
>(	1957	15	0.01390
[]	1574	16	0.01118
((	1347	17	0.00957
(_	1234	18	0.00877
!=	1221	19	0.00867
="	1113	20	0.00791
"-	1060	21	0.00753
};	903	22	0.00641
";	890	23	0.00632
$"	857	24	0.00609
&&	803	25	0.00570
++	763	26	0.00542
">	739	27	0.00525
""	693	28	0.00492
];	683	29	0.00485
)(	644	30	0.00457
+=	641	31	0.00455
>>	600	32	0.00426
}"	584	33	0.00415
})	500	34	0.00355
},	486	35	0.00345
"{	458	36	0.00325
(!	436	37	0.00310
($	434	38	0.00308
+)	426	39	0.00303
."	395	40	0.00281
/>	393	41	0.00279
::	392	42	0.00278
||	385	43	0.00273
.<	380	44	0.00270
<=	377	45	0.00268
<<	366	46	0.00260
"/	337	47	0.00239
>=	324	48	0.00230
])	280	49	0.00199
??	262	50	0.00186
].	251	51	0.00178
?.	230	52	0.00163
..	229	53	0.00163
)}	228	54	0.00162
"[	221	55	0.00157
+;	217	56	0.00154
/-	204	57	0.00145
"]	199	58	0.00141
\"	186	59	0.00132
._	182	60	0.00129
>.	146	61	0.00104
["	142	62	0.00101
>)	140	63	0.00099
]"	131	64	0.00093
{_	124	65	0.00088
".	117	66	0.00083
-=	115	67	0.00082
>?	110	68	0.00078
[(	107	69	0.00076
|=	106	70	0.00075
!"	104	71	0.00074
],	102	72	0.00072
!_	100	73	0.00071
}{	99	74	0.00070
]>	98	75	0.00070
}[	92	76	0.00065
,]	88	77	0.00063
[,	86	78	0.00061
')	85	79	0.00060
@"	84	80	0.00060
":	84	81	0.00060
)"	83	82	0.00059
><	83	83	0.00059
'{	83	84	0.00059
}'	83	85	0.00059
"<	80	86	0.00057
>"	79	87	0.00056
>,	78	88	0.00055
+]	73	89	0.00052
}.	71	90	0.00050
/*	71	91	0.00050
*"	71	92	0.00050
=(	71	93	0.00050
('	70	94	0.00050
(-	68	95	0.00048
!(	66	96	0.00047
__	65	97	0.00046
[_	64	98	0.00045
}\	63	99	0.00045
"\	61	100	0.00043
*/	61	101	0.00043
:"	60	102	0.00043
?)	58	103	0.00041
)<	56	104	0.00040
:{	54	105	0.00038
.*	54	106	0.00038
*'	53	107	0.00038
?>	52	108	0.00037
'"	52	109	0.00037
'*	52	110	0.00037
]]	51	111	0.00036
}]	50	112	0.00036
**	50	113	0.00036
}}	50	114	0.00036
)_	47	115	0.00033
:/	46	116	0.00033
={	44	117	0.00031
',	43	118	0.00031
{{	42	119	0.00030
[{	41	120	0.00029
#"	41	121	0.00029
-;	40	122	0.00028
"#	38	123	0.00027
({	37	124	0.00026
?"	37	125	0.00026
(@	36	126	0.00026
='	36	127	0.00026
-"	35	128	0.00025
_)	32	129	0.00023
.)	31	130	0.00022
}:	31	131	0.00022
/{	31	132	0.00022
$@	31	133	0.00022
-{	31	134	0.00022
##	31	135	0.00022
<>	30	136	0.00021
!.	30	137	0.00021
?<	29	138	0.00021
'\	29	139	0.00021
_,	28	140	0.00020
'-	28	141	0.00020
']	27	142	0.00019
:\	27	143	0.00019
"}	27	144	0.00019
)?	27	145	0.00019
.\	27	146	0.00019
-(	25	147	0.00018
"=	25	148	0.00018
(?	25	149	0.00018
[@	24	150	0.00017
[-	24	151	0.00017
]+	24	152	0.00017
/"	23	153	0.00016
'.	23	154	0.00016
/}	23	155	0.00016
':	23	156	0.00016
"'	22	157	0.00016
:'	22	158	0.00016
}-	21	159	0.00015
!;	20	160	0.00014
{"	20	161	0.00014
>[	20	162	0.00014
<{	20	163	0.00014
}>	20	164	0.00014
\.	20	165	0.00014
-)	19	166	0.00013
):	19	167	0.00013
(\	19	168	0.00013
"@	19	169	0.00013
.{	18	170	0.00013
/(	17	171	0.00012
([	16	172	0.00011
]/	16	173	0.00011
*(	16	174	0.00011
!)	16	175	0.00011
=\	16	176	0.00011
@{	16	177	0.00011
|%	16	178	0.00011
&=	15	179	0.00011
)\	15	180	0.00011
<(	15	181	0.00011
>{	15	182	0.00011
(+	14	183	0.00010
_{	14	184	0.00010
*)	14	185	0.00010
/[	14	186	0.00010
';	14	187	0.00010
][	13	188	0.00009
+(	13	189	0.00009
{(	12	190	0.00009
<"	12	191	0.00009
;"	12	192	0.00009
;{	12	193	0.00009
?=	12	194	0.00009
"(	12	195	0.00009
{}	12	196	0.00009
\/	12	197	0.00009
[<	12	198	0.00009
\\	11	199	0.00008
'=	11	200	0.00008
"_	11	201	0.00008
/|	11	202	0.00008
}<	11	203	0.00008
)>	10	204	0.00007
"^	10	205	0.00007
>'	9	206	0.00006
-]	9	207	0.00006
/#	9	208	0.00006
/_	9	209	0.00006
)[	9	210	0.00006
}/	9	211	0.00006
"*	9	212	0.00006
}_	9	213	0.00006
?[	9	214	0.00006
-'	8	215	0.00006
->	8	216	0.00006
]{	8	217	0.00006
.'	8	218	0.00006
,"	8	219	0.00006
.]	8	220	0.00006
!,	8	221	0.00006
*.	7	222	0.00005
^(	7	223	0.00005
(;	7	224	0.00005
^=	7	225	0.00005
~(	7	226	0.00005
*=	7	227	0.00005
?,	6	228	0.00004
(~	6	229	0.00004
[+	6	230	0.00004
"?	6	231	0.00004
:<	6	232	0.00004
/<	6	233	0.00004
>\	6	234	0.00004
]?	6	235	0.00004
\:	6	236	0.00004
]*	6	237	0.00004
}*	6	238	0.00004
/?	6	239	0.00004
"!	6	240	0.00004
'?	6	241	0.00004
>;	5	242	0.00004
)~	5	243	0.00004
%"	5	244	0.00004
;'	5	245	0.00004
){	5	246	0.00004
_:	5	247	0.00004
"%	5	248	0.00004
;)	5	249	0.00004
|-	5	250	0.00004
(.	4	251	0.00003
!!	4	252	0.00003
]'	4	253	0.00003
/)	4	254	0.00003
\'	4	255	0.00003
^\	4	256	0.00003
*[	4	257	0.00003
]}	4	258	0.00003
;(	4	259	0.00003
"$	4	260	0.00003
)!	4	261	0.00003
}=	4	262	0.00003
[?	4	263	0.00003
[^	4	264	0.00003
"|	4	265	0.00003
|"	4	266	0.00003
-?	4	267	0.00003
,'	4	268	0.00003
+,	4	269	0.00003
)|	4	270	0.00003
?;	4	271	0.00003
#{	4	272	0.00003
!\	4	273	0.00003
?\	4	274	0.00003
>]	4	275	0.00003
_\	4	276	0.00003
\-	4	277	0.00003
>:	4	278	0.00003
%=	4	279	0.00003
|*	3	280	0.00002
'[	3	281	0.00002
['	3	282	0.00002
?!	3	283	0.00002
<?	3	284	0.00002
/\	3	285	0.00002
;/	3	286	0.00002
)@	3	287	0.00002
}|	3	288	0.00002
|{	3	289	0.00002
:(	3	290	0.00002
'/	3	291	0.00002
/'	3	292	0.00002
\}	3	293	0.00002
+\	3	294	0.00002
/:	3	295	0.00002
]:	3	296	0.00002
,\	2	297	0.00001
'<	2	298	0.00001
<'	2	299	0.00001
'>	2	300	0.00001
'_	2	301	0.00001
&(	2	302	0.00001
)-	2	303	0.00001
)&	2	304	0.00001
/=	2	305	0.00001
/,	2	306	0.00001
](	2	307	0.00001
"~	2	308	0.00001
~"	2	309	0.00001
_"	2	310	0.00001
[;	2	311	0.00001
;,	2	312	0.00001
]\	2	313	0.00001
*$	2	314	0.00001
+"	2	315	0.00001
;$	2	316	0.00001
\[	2	317	0.00001
{\	2	318	0.00001
\{	2	319	0.00001
?{	2	320	0.00001
!<	2	321	0.00001
?-	2	322	0.00001
=-	2	323	0.00001
:-	2	324	0.00001
@'	2	325	0.00001
*-	2	326	0.00001
}!	2	327	0.00001
^"	2	328	0.00001
`.	2	329	0.00001
)$	2	330	0.00001
\?	2	331	0.00001
<!	2	332	0.00001
|\	2	333	0.00001
)*	2	334	0.00001
?(	2	335	0.00001
(:	2	336	0.00001
:|	2	337	0.00001
.,	2	338	0.00001
`-	2	339	0.00001
;*	2	340	0.00001
/~	2	341	0.00001
+_	2	342	0.00001
'|	1	343	0.00001
|'	1	344	0.00001
"&	1	345	0.00001
<-	1	346	0.00001
!'	1	347	0.00001
<,	1	348	0.00001
,>	1	349	0.00001
/.	1	350	0.00001
~{	1	351	0.00001
}%	1	352	0.00001
}+	1	353	0.00001
+{	1	354	0.00001
\^	1	355	0.00001
^[	1	356	0.00001
"`	1	357	0.00001
`"	1	358	0.00001
*{	1	359	0.00001
*}	1	360	0.00001
{'	1	361	0.00001
'}	1	362	0.00001
\]	1	363	0.00001
:]	1	364	0.00001
[:	1	365	0.00001
:=	1	366	0.00001
![	1	367	0.00001
'@	1	368	0.00001
-\	1	369	0.00001
:*	1	370	0.00001
(^	1	371	0.00001
^,	1	372	0.00001
,`	1	373	0.00001
)'	1	374	0.00001
\(	1	375	0.00001
\)	1	376	0.00001
^/	1	377	0.00001
)/	1	378	0.00001
_'	1	379	0.00001
^;	1	380	0.00001
;]	1	381	0.00001
(*	1	382	0.00001
;;	1	383	0.00001
}#	1	384	0.00001
}&	1	385	0.00001
;.	1	386	0.00001
|(	1	387	0.00001
#.	1	388	0.00001
,-	1	389	0.00001
!-	1	390	0.00001
-[	1	391	0.00001
^>	1	392	0.00001
.|	1	393	0.00001
|[	1	394	0.00001
[\	1	395	0.00001
)+	1	396	0.00001
+?	1	397	0.00001
?|	1	398	0.00001
(&	1	399	0.00001
&|	1	400	0.00001
(=	1	401	0.00001
=|	1	402	0.00001
*\	1	403	0.00001
,(	1	404	0.00001
[[	1	405	0.00001
}?	1	406	0.00001
;@	1	407	0.00001
,_	1	408	0.00001
}(	1	409	0.00001
'!	1	410	0.00001
>&	1	411	0.00001
,$	1	412	0.00001
