).	401712	1	0.21193
),	379660	2	0.20029
",	190281	3	0.10039
")	173560	4	0.09156
".	163004	5	0.08599
("	115900	6	0.06114
(*	55820	7	0.02945
.)	38814	8	0.02048
.,	34227	9	0.01806
."	26589	10	0.01403
""	26333	11	0.01389
()	26298	12	0.01387
..	26046	13	0.01374
)"	17095	14	0.00902
"(	12432	15	0.00656
(-	10207	16	0.00538
%)	9164	17	0.00483
-/	9156	18	0.00483
%.	8429	19	0.00445
(,	7553	20	0.00398
,"	7307	21	0.00385
(:	6969	22	0.00368
);	6130	23	0.00323
):	6012	24	0.00317
="	5642	25	0.00298
";	5578	26	0.00294
</	4138	27	0.00218
!"	4130	28	0.00218
%,	4089	29	0.00216
.:	3877	30	0.00205
":	3507	31	0.00185
??	3411	32	0.00180
"-	3315	33	0.00175
">	3209	34	0.00169
//	3163	35	0.00167
-)	3141	36	0.00166
?)	3023	37	0.00159
]]	2698	38	0.00142
/-	2676	39	0.00141
[[	2594	40	0.00137
.-	2509	41	0.00132
:"	2355	42	0.00124
(;	2313	43	0.00122
:/	2279	44	0.00120
],	2260	45	0.00119
?"	2237	46	0.00118
.<	2155	47	0.00114
',	2150	48	0.00113
))	2112	49	0.00111
].	1961	50	0.00103
><	1718	51	0.00091
')	1597	52	0.00084
__	1571	53	0.00083
./	1571	54	0.00083
--	1405	55	0.00074
"]	1365	56	0.00072
'.	1347	57	0.00071
])	1313	58	0.00069
["	1293	59	0.00068
;"	1230	60	0.00065
-"	1188	61	0.00063
++	1095	62	0.00058
(=	1032	63	0.00054
('	947	64	0.00050
%;	854	65	0.00045
(?	783	66	0.00041
'-	757	67	0.00040
)-	741	68	0.00039
"/	722	69	0.00038
/"	721	70	0.00038
(+	711	71	0.00038
"'	625	72	0.00033
.;	596	73	0.00031
-,	590	74	0.00031
!)	583	75	0.00031
{|	581	76	0.00031
"*	567	77	0.00030
(.	530	78	0.00028
+,	529	79	0.00028
/,	508	80	0.00027
.(	485	81	0.00026
+.	482	82	0.00025
)]	468	83	0.00025
"<	453	84	0.00024
!,	442	85	0.00023
,-	438	86	0.00023
**	421	87	0.00022
||	410	88	0.00022
/.	409	89	0.00022
!!	397	90	0.00021
>*	397	91	0.00021
!.	396	92	0.00021
>"	396	93	0.00021
[]	377	94	0.00020
*<	375	95	0.00020
.]	371	96	0.00020
)(	369	97	0.00019
+)	365	98	0.00019
-(	332	99	0.00018
>[	331	100	0.00017
(~	328	101	0.00017
},	326	102	0.00017
([	315	103	0.00017
"|	313	104	0.00017
"[	309	105	0.00016
];	306	106	0.00016
]"	296	107	0.00016
?,	291	108	0.00015
->	289	109	0.00015
[.	280	110	0.00015
/)	275	111	0.00015
-.	274	112	0.00014
)/	263	113	0.00014
:<	256	114	0.00014
,<	255	115	0.00013
$.	245	116	0.00013
?.	229	117	0.00012
::	227	118	0.00012
+/	218	119	0.00012
-?	217	120	0.00011
]<	214	121	0.00011
>.	213	122	0.00011
((	212	123	0.00011
==	200	124	0.00011
/>	194	125	0.00010
';	191	126	0.00010
"=	189	127	0.00010
'"	188	128	0.00010
>,	177	129	0.00009
{"	176	130	0.00009
*)	176	131	0.00009
+"	162	132	0.00009
)<	162	133	0.00009
.[	160	134	0.00008
"+	153	135	0.00008
}.	152	136	0.00008
.'	144	137	0.00008
,)	144	138	0.00008
*.	131	139	0.00007
(<	126	140	0.00007
?!	125	141	0.00007
>)	125	142	0.00007
)|	123	143	0.00006
/*	123	144	0.00006
$,	122	145	0.00006
-'	121	146	0.00006
#,	118	147	0.00006
*/	113	148	0.00006
(!	109	149	0.00006
$)	109	150	0.00006
"?	108	151	0.00006
*"	108	152	0.00006
"#	108	153	0.00006
(/	105	154	0.00006
(#	103	155	0.00005
/(	102	156	0.00005
[-	97	157	0.00005
:)	97	158	0.00005
|"	94	159	0.00005
#.	91	160	0.00005
($	89	161	0.00005
[(	89	162	0.00005
:=	87	163	0.00005
"}	83	164	0.00004
>]	83	165	0.00004
,(	82	166	0.00004
-]	82	167	0.00004
(>	80	168	0.00004
-[	77	169	0.00004
'<	76	170	0.00004
"!	74	171	0.00004
,{	74	172	0.00004
][	73	173	0.00004
]-	72	174	0.00004
*,	69	175	0.00004
<?	69	176	0.00004
[<	67	177	0.00004
>(	66	178	0.00003
&#	66	179	0.00003
=(	65	180	0.00003
.?	64	181	0.00003
/+	63	182	0.00003
?-	62	183	0.00003
;.	61	184	0.00003
)=	61	185	0.00003
}<	61	186	0.00003
/;	60	187	0.00003
:,	60	188	0.00003
']	59	189	0.00003
:#	56	190	0.00003
:.	55	191	0.00003
!?	53	192	0.00003
:\	53	193	0.00003
}}	53	194	0.00003
/?	53	195	0.00003
})	51	196	0.00003
,'	51	197	0.00003
};	50	198	0.00003
['	50	199	0.00003
:-	50	200	0.00003
+-	48	201	0.00003
<!	48	202	0.00003
(&	48	203	0.00003
%"	48	204	0.00003
>-	48	205	0.00003
"$	47	206	0.00002
.*	46	207	0.00002
?;	45	208	0.00002
]:	45	209	0.00002
:]	45	210	0.00002
'(	45	211	0.00002
?>	44	212	0.00002
>'	44	213	0.00002
>{	44	214	0.00002
$_	43	215	0.00002
!'	41	216	0.00002
:{	41	217	0.00002
=>	40	218	0.00002
)+	39	219	0.00002
#)	39	220	0.00002
='	39	221	0.00002
/<	39	222	0.00002
)?	39	223	0.00002
}]	38	224	0.00002
[=	38	225	0.00002
)'	37	226	0.00002
;*	37	227	0.00002
](	36	228	0.00002
!<	35	229	0.00002
<"	35	230	0.00002
)[	34	231	0.00002
*(	34	232	0.00002
;,	32	233	0.00002
':	32	234	0.00002
##	32	235	0.00002
:[	32	236	0.00002
+!	32	237	0.00002
:|	32	238	0.00002
?'	32	239	0.00002
>:	31	240	0.00002
{\	31	241	0.00002
}\	31	242	0.00002
,[	30	243	0.00002
)*	29	244	0.00002
-<	29	245	0.00002
){	28	246	0.00001
<-	28	247	0.00001
,:	28	248	0.00001
|[	27	249	0.00001
<=	27	250	0.00001
!-	27	251	0.00001
+:	27	252	0.00001
#"	27	253	0.00001
>=	27	254	0.00001
?:	27	255	0.00001
'/	26	256	0.00001
}"	26	257	0.00001
[{	26	258	0.00001
$$	25	259	0.00001
$"	25	260	0.00001
;)	24	261	0.00001
'+	24	262	0.00001
"@	24	263	0.00001
:(	24	264	0.00001
;/	24	265	0.00001
+'	23	266	0.00001
{}	23	267	0.00001
.>	23	268	0.00001
._	23	269	0.00001
)}	22	270	0.00001
]/	22	271	0.00001
%(	22	272	0.00001
)!	22	273	0.00001
%:	22	274	0.00001
${	22	275	0.00001
/:	22	276	0.00001
/'	22	277	0.00001
+(	21	278	0.00001
"{	21	279	0.00001
$/	21	280	0.00001
;<	20	281	0.00001
&&	19	282	0.00001
|)	19	283	0.00001
,*	19	284	0.00001
.!	19	285	0.00001
.}	19	286	0.00001
~"	19	287	0.00001
#-	19	288	0.00001
*;	19	289	0.00001
%>	19	290	0.00001
?]	18	291	0.00001
|.	18	292	0.00001
!/	18	293	0.00001
/[	18	294	0.00001
%-	18	295	0.00001
=)	18	296	0.00001
_{	18	297	0.00001
,/	18	298	0.00001
<%	18	299	0.00001
=[	17	300	0.00001
=/	17	301	0.00001
|,	17	302	0.00001
!;	17	303	0.00001
@"	17	304	0.00001
[:	17	305	0.00001
>\	17	306	0.00001
~,	16	307	0.00001
=.	16	308	0.00001
,;	16	309	0.00001
'>	16	310	0.00001
(%	16	311	0.00001
?<	16	312	0.00001
]}	16	313	0.00001
"~	16	314	0.00001
-:	16	315	0.00001
[,	16	316	0.00001
/]	16	317	0.00001
)_	16	318	0.00001
,+	15	319	0.00001
\.	15	320	0.00001
}{	15	321	0.00001
.+	15	322	0.00001
!=	15	323	0.00001
,,	15	324	0.00001
-#	15	325	0.00001
-;	14	326	0.00001
"\	14	327	0.00001
'=	14	328	0.00001
$!	14	329	0.00001
"&	14	330	0.00001
=-	14	331	0.00001
=&	14	332	0.00001
%<	14	333	0.00001
{$	13	334	0.00001
(^	13	335	0.00001
;-	13	336	0.00001
"%	13	337	0.00001
)>	13	338	0.00001
/#	13	339	0.00001
}^	13	340	0.00001
{.	13	341	0.00001
=<	13	342	0.00001
.&	12	343	0.00001
=$	12	344	0.00001
.|	12	345	0.00001
<)	12	346	0.00001
|<	12	347	0.00001
{(	12	348	0.00001
_,	12	349	0.00001
^{	12	350	0.00001
|-	12	351	0.00001
`.	12	352	0.00001
'?	12	353	0.00001
$(	11	354	0.00001
(@	11	355	0.00001
"_	11	356	0.00001
$@	11	357	0.00001
(|	11	358	0.00001
)\	11	359	0.00001
/=	11	360	0.00001
?/	11	361	0.00001
!:	11	362	0.00001
/~	11	363	0.00001
>&	11	364	0.00001
.\	10	365	0.00001
=,	10	366	0.00001
^)	10	367	0.00001
#/	10	368	0.00001
!]	10	369	0.00001
%]	10	370	0.00001
|:	10	371	0.00001
>|	10	372	0.00001
>+	10	373	0.00001
*'	10	374	0.00001
[+	10	375	0.00001
=*	10	376	0.00001
''	9	377	0.00000
_(	9	378	0.00000
#!	9	379	0.00000
<'	9	380	0.00000
*-	9	381	0.00000
}/	9	382	0.00000
!*	9	383	0.00000
'*	9	384	0.00000
(\	9	385	0.00000
_"	9	386	0.00000
<>	9	387	0.00000
[/	9	388	0.00000
/_	9	389	0.00000
%=	9	390	0.00000
:>	9	391	0.00000
+=	8	392	0.00000
;$	8	393	0.00000
~/	8	394	0.00000
^,	8	395	0.00000
(_	8	396	0.00000
({	8	397	0.00000
^@	8	398	0.00000
@)	8	399	0.00000
&(	8	400	0.00000
.{	8	401	0.00000
\"	8	402	0.00000
+;	8	403	0.00000
[?	8	404	0.00000
={	8	405	0.00000
%/	8	406	0.00000
,]	8	407	0.00000
+<	8	408	0.00000
*@	8	409	0.00000
{-	8	410	0.00000
[*	8	411	0.00000
-+	8	412	0.00000
.=	8	413	0.00000
\\	8	414	0.00000
%@	8	415	0.00000
``	8	416	0.00000
:~	8	417	0.00000
~$	8	418	0.00000
/\	7	419	0.00000
@.	7	420	0.00000
!$	7	421	0.00000
\)	7	422	0.00000
[%	7	423	0.00000
'!	7	424	0.00000
,$	7	425	0.00000
&"	7	426	0.00000
"^	7	427	0.00000
~)	7	428	0.00000
<,	7	429	0.00000
|(	7	430	0.00000
:'	7	431	0.00000
+\	7	432	0.00000
!\	6	433	0.00000
=~	6	434	0.00000
;(	6	435	0.00000
<.	6	436	0.00000
)#	6	437	0.00000
)^	6	438	0.00000
-$	6	439	0.00000
{[	6	440	0.00000
.%	6	441	0.00000
;;	6	442	0.00000
>$	6	443	0.00000
]=	6	444	0.00000
>;	6	445	0.00000
'%	6	446	0.00000
*]	6	447	0.00000
-_	6	448	0.00000
_-	6	449	0.00000
<|	6	450	0.00000
*:	6	451	0.00000
%%	6	452	0.00000
/%	6	453	0.00000
-{	6	454	0.00000
,?	6	455	0.00000
+$	5	456	0.00000
_)	5	457	0.00000
}=	5	458	0.00000
_}	5	459	0.00000
)&	5	460	0.00000
&<	5	461	0.00000
#@	5	462	0.00000
$#	5	463	0.00000
#$	5	464	0.00000
^-	5	465	0.00000
@$	5	466	0.00000
^&	5	467	0.00000
@(	5	468	0.00000
)@	5	469	0.00000
&)	5	470	0.00000
)$	5	471	0.00000
.^	5	472	0.00000
$'	5	473	0.00000
|\	5	474	0.00000
]|	5	475	0.00000
:;	5	476	0.00000
]+	5	477	0.00000
'|	5	478	0.00000
>#	5	479	0.00000
'\	5	480	0.00000
+>	5	481	0.00000
^.	5	482	0.00000
*?	5	483	0.00000
-|	5	484	0.00000
@,	5	485	0.00000
-%	5	486	0.00000
}_	5	487	0.00000
-`	5	488	0.00000
%!	5	489	0.00000
@_	4	490	0.00000
*=	4	491	0.00000
[$	4	492	0.00000
&>	4	493	0.00000
$^	4	494	0.00000
!#	4	495	0.00000
#&	4	496	0.00000
^^	4	497	0.00000
@!	4	498	0.00000
#(	4	499	0.00000
!@	4	500	0.00000
@&	4	501	0.00000
&@	4	502	0.00000
@@	4	503	0.00000
.$	4	504	0.00000
\(	4	505	0.00000
\$	4	506	0.00000
=|	4	507	0.00000
|'	4	508	0.00000
*#	4	509	0.00000
$=	4	510	0.00000
=%	4	511	0.00000
'$	4	512	0.00000
]'	4	513	0.00000
_.	4	514	0.00000
;}	4	515	0.00000
:*	4	516	0.00000
-!	4	517	0.00000
{=	4	518	0.00000
@{	4	519	0.00000
,|	4	520	0.00000
#'	4	521	0.00000
`-	4	522	0.00000
*!	4	523	0.00000
,_	4	524	0.00000
=?	4	525	0.00000
-&	4	526	0.00000
$-	4	527	0.00000
]*	4	528	0.00000
_[	4	529	0.00000
{'	3	530	0.00000
'}	3	531	0.00000
^$	3	532	0.00000
/&	3	533	0.00000
>}	3	534	0.00000
~.	3	535	0.00000
$;	3	536	0.00000
!^	3	537	0.00000
@:	3	538	0.00000
@^	3	539	0.00000
.@	3	540	0.00000
/!	3	541	0.00000
^(	3	542	0.00000
/$	3	543	0.00000
`)	3	544	0.00000
`(	3	545	0.00000
*$	3	546	0.00000
|+	3	547	0.00000
#<	3	548	0.00000
}:	3	549	0.00000
_]	3	550	0.00000
,>	3	551	0.00000
%'	3	552	0.00000
?}	3	553	0.00000
'_	3	554	0.00000
%?	3	555	0.00000
=\	3	556	0.00000
}(	3	557	0.00000
-\	3	558	0.00000
#;	3	559	0.00000
%{	3	560	0.00000
,&	3	561	0.00000
{+	3	562	0.00000
+}	3	563	0.00000
`"	3	564	0.00000
\,	3	565	0.00000
&,	3	566	0.00000
*[	3	567	0.00000
'[	3	568	0.00000
'#	3	569	0.00000
"`	3	570	0.00000
$:	3	571	0.00000
/|	3	572	0.00000
|]	3	573	0.00000
[&	3	574	0.00000
=]	3	575	0.00000
\/	3	576	0.00000
=+	3	577	0.00000
`+	3	578	0.00000
]_	3	579	0.00000
}+	3	580	0.00000
!}	3	581	0.00000
$]	3	582	0.00000
;+	2	583	0.00000
?$	2	584	0.00000
/^	2	585	0.00000
}%	2	586	0.00000
{/	2	587	0.00000
<$	2	588	0.00000
_>	2	589	0.00000
>_	2	590	0.00000
&/	2	591	0.00000
&$	2	592	0.00000
$&	2	593	0.00000
#^	2	594	0.00000
.#	2	595	0.00000
^#	2	596	0.00000
^!	2	597	0.00000
/@	2	598	0.00000
|#	2	599	0.00000
!{	2	600	0.00000
}!	2	601	0.00000
(`	2	602	0.00000
[#	2	603	0.00000
/{	2	604	0.00000
>%	2	605	0.00000
+[	2	606	0.00000
|>	2	607	0.00000
\+	2	608	0.00000
:?	2	609	0.00000
;'	2	610	0.00000
\>	2	611	0.00000
'&	2	612	0.00000
&'	2	613	0.00000
-*	2	614	0.00000
\'	2	615	0.00000
<(	2	616	0.00000
+?	2	617	0.00000
[\	2	618	0.00000
\_	2	619	0.00000
@#	2	620	0.00000
$%	2	621	0.00000
-=	2	622	0.00000
|/	2	623	0.00000
)%	2	624	0.00000
!(	2	625	0.00000
_/	2	626	0.00000
_'	2	627	0.00000
`;	2	628	0.00000
|%	2	629	0.00000
_@	2	630	0.00000
~:	2	631	0.00000
+#	2	632	0.00000
\*	2	633	0.00000
?(	2	634	0.00000
&-	2	635	0.00000
}-	2	636	0.00000
^"	2	637	0.00000
+%	2	638	0.00000
&]	2	639	0.00000
~]	2	640	0.00000
-@	2	641	0.00000
_%	2	642	0.00000
;[	2	643	0.00000
,!	2	644	0.00000
=_	2	645	0.00000
|}	2	646	0.00000
`,	2	647	0.00000
_;	1	648	0.00000
;@	1	649	0.00000
=!	1	650	0.00000
^[	1	651	0.00000
$?	1	652	0.00000
_=	1	653	0.00000
?=	1	654	0.00000
]#	1	655	0.00000
:&	1	656	0.00000
&^	1	657	0.00000
:!	1	658	0.00000
!&	1	659	0.00000
@/	1	660	0.00000
&!	1	661	0.00000
\!	1	662	0.00000
!|	1	663	0.00000
|&	1	664	0.00000
&|	1	665	0.00000
#|	1	666	0.00000
$|	1	667	0.00000
|@	1	668	0.00000
@|	1	669	0.00000
\^	1	670	0.00000
^/	1	671	0.00000
^;	1	672	0.00000
>@	1	673	0.00000
@<	1	674	0.00000
{*	1	675	0.00000
*}	1	676	0.00000
}$	1	677	0.00000
,\	1	678	0.00000
[)	1	679	0.00000
$*	1	680	0.00000
;%	1	681	0.00000
;]	1	682	0.00000
<}	1	683	0.00000
&~	1	684	0.00000
[>	1	685	0.00000
<]	1	686	0.00000
<+	1	687	0.00000
{?	1	688	0.00000
'{	1	689	0.00000
}*	1	690	0.00000
|;	1	691	0.00000
(]	1	692	0.00000
]\	1	693	0.00000
{!	1	694	0.00000
,.	1	695	0.00000
'~	1	696	0.00000
~'	1	697	0.00000
'^	1	698	0.00000
^'	1	699	0.00000
#]	1	700	0.00000
%~	1	701	0.00000
{@	1	702	0.00000
\{	1	703	0.00000
#*	1	704	0.00000
[^	1	705	0.00000
%^	1	706	0.00000
&*	1	707	0.00000
>?	1	708	0.00000
,=	1	709	0.00000
]$	1	710	0.00000
~=	1	711	0.00000
{<	1	712	0.00000
_*	1	713	0.00000
#_	1	714	0.00000
<_	1	715	0.00000
\`	1	716	0.00000
{]	1	717	0.00000
#{	1	718	0.00000
]!	1	719	0.00000
+~	1	720	0.00000
*_	1	721	0.00000
_$	1	722	0.00000
,#	1	723	0.00000
|=	1	724	0.00000
\;	1	725	0.00000
?+	1	726	0.00000
|!	1	727	0.00000
\<	1	728	0.00000
%*	1	729	0.00000
*+	1	730	0.00000
{,	1	731	0.00000
,}	1	732	0.00000
>/	1	733	0.00000
~~	1	734	0.00000
]^	1	735	0.00000
$`	1	736	0.00000
:@	1	737	0.00000
}'	1	738	0.00000
:_	1	739	0.00000
`/	1	740	0.00000
&.	1	741	0.00000
+|	1	742	0.00000
@;	1	743	0.00000
/}	1	744	0.00000
!%	1	745	0.00000
?_	1	746	0.00000
,%	1	747	0.00000
=@	1	748	0.00000
=:	1	749	0.00000
~#	1	750	0.00000
%\	1	751	0.00000
\]	1	752	0.00000
*\	1	753	0.00000
^\	1	754	0.00000
%+	1	755	0.00000
(}	1	756	0.00000
]?	1	757	0.00000
[!	1	758	0.00000
+]	1	759	0.00000
=}	1	760	0.00000
{>	1	761	0.00000
*&	1	762	0.00000
&%	1	763	0.00000
